1.632726236000000000e+09 5.451029329593519606e+02 -3.714467178402992431e+01 0.000000000000000000e+00 0.000000000000000000e+00 0.000000000000000000e+00 -6.226794537298283028e-02 9.980594686585700925e-01
1.632726236000000000e+09 5.480966328353026711e+02 -3.741972752292213045e+01 0.000000000000000000e+00 0.000000000000000000e+00 0.000000000000000000e+00 -6.252923459399119255e-02 9.980431327458195723e-01
1.632726237000000000e+09 5.509787319937956909e+02 -3.765433369366610350e+01 0.000000000000000000e+00 0.000000000000000000e+00 0.000000000000000000e+00 -6.235504225506739717e-02 9.980540309549221778e-01
1.632726238000000000e+09 5.538716427772936868e+02 -3.883723845109898321e+01 0.000000000000000000e+00 0.000000000000000000e+00 0.000000000000000000e+00 -7.306413179998010043e-02 9.973272445112061346e-01
1.632726239000000000e+09 5.568016258569819001e+02 -3.866358826635450896e+01 0.000000000000000000e+00 0.000000000000000000e+00 0.000000000000000000e+00 -6.818941838404261879e-02 9.976723927324270269e-01
1.632726240000000000e+09 5.596676509614489987e+02 -3.904192123330085451e+01 0.000000000000000000e+00 0.000000000000000000e+00 0.000000000000000000e+00 -6.966941959273996454e-02 9.975701338620812653e-01
1.632726241000000000e+09 5.624862984482484762e+02 -3.940195777431335955e+01 0.000000000000000000e+00 0.000000000000000000e+00 0.000000000000000000e+00 -6.988705397494744676e-02 9.975549106122943988e-01
1.632726242000000000e+09 5.653049380101507495e+02 -3.976199178857223160e+01 0.000000000000000000e+00 0.000000000000000000e+00 0.000000000000000000e+00 -7.010468503077761648e-02 9.975396398824135646e-01
1.632726243000000000e+09 5.682781242339260643e+02 -4.035841614371020114e+01 0.000000000000000000e+00 0.000000000000000000e+00 0.000000000000000000e+00 -7.193265315671934501e-02 9.974094913373517945e-01
1.632726244000000000e+09 5.712458778364264163e+02 -4.035615274022256926e+01 0.000000000000000000e+00 0.000000000000000000e+00 0.000000000000000000e+00 -6.901649659144169779e-02 9.976155187236430688e-01
1.632726245000000000e+09 5.742121501970942745e+02 -4.035371962254203027e+01 0.000000000000000000e+00 0.000000000000000000e+00 0.000000000000000000e+00 -6.609975018244575173e-02 9.978130200723070997e-01
1.632726246000000000e+09 5.771607822209332426e+02 -4.117717919086771872e+01 0.000000000000000000e+00 0.000000000000000000e+00 0.000000000000000000e+00 -7.053993712187300869e-02 9.975089559852795551e-01
1.632726248000000000e+09 5.802686120397739842e+02 -4.146231124955465930e+01 0.000000000000000000e+00 0.000000000000000000e+00 0.000000000000000000e+00 -7.088812912926460708e-02 9.974842721309206128e-01
1.632726248000000000e+09 5.833132507441932830e+02 -4.194283244032158109e+01 0.000000000000000000e+00 0.000000000000000000e+00 0.000000000000000000e+00 -7.136687902734537015e-02 9.974501333790558588e-01
1.632726249000000000e+09 5.863520006315802675e+02 -4.232113998849081327e+01 0.000000000000000000e+00 0.000000000000000000e+00 0.000000000000000000e+00 -7.280302963704593511e-02 9.973463384780972829e-01
1.632726250000000000e+09 5.894349893342165387e+02 -4.295778936266469827e+01 0.000000000000000000e+00 0.000000000000000000e+00 0.000000000000000000e+00 -7.506574735987917024e-02 9.971785865998641363e-01
1.632726251000000000e+09 5.924078000495084098e+02 -4.339131043981251423e+01 0.000000000000000000e+00 0.000000000000000000e+00 0.000000000000000000e+00 -7.715406714346489947e-02 9.970191823246038476e-01
1.632726252000000000e+09 5.955053016411851559e+02 -4.375185376528224879e+01 0.000000000000000000e+00 0.000000000000000000e+00 0.000000000000000000e+00 -7.837209797998598293e-02 9.969241767848824320e-01
1.632726253000000000e+09 5.985819536715440563e+02 -4.441837918941655516e+01 0.000000000000000000e+00 0.000000000000000000e+00 0.000000000000000000e+00 -8.098176781346332065e-02 9.967155829432015057e-01
1.632726254000000000e+09 6.016637124679886028e+02 -4.488432653021163787e+01 0.000000000000000000e+00 0.000000000000000000e+00 0.000000000000000000e+00 -8.341695924720329836e-02 9.965147319081392174e-01
1.632726255000000000e+09 6.046271375609650249e+02 -4.551783055018131563e+01 0.000000000000000000e+00 0.000000000000000000e+00 0.000000000000000000e+00 -8.567776279577533904e-02 9.963228999487618864e-01
1.632726256000000000e+09 6.077114856121495450e+02 -4.595338340593025350e+01 0.000000000000000000e+00 0.000000000000000000e+00 0.000000000000000000e+00 -8.776426715999426087e-02 9.961412718133251243e-01
1.632726257000000000e+09 6.106785146227246059e+02 -4.639376551415443828e+01 0.000000000000000000e+00 0.000000000000000000e+00 0.000000000000000000e+00 -8.993729969864387719e-02 9.959474293972128134e-01
1.632726258000000000e+09 6.137571828579698376e+02 -4.701441898350867632e+01 0.000000000000000000e+00 0.000000000000000000e+00 0.000000000000000000e+00 -9.202300833754714637e-02 9.957568809385690667e-01
1.632726259000000000e+09 6.168392319764341210e+02 -4.744960726695899211e+01 0.000000000000000000e+00 0.000000000000000000e+00 0.000000000000000000e+00 -9.410831331851429726e-02 9.955619646030799963e-01
1.632726260000000000e+09 6.198085904012206129e+02 -4.802239898172820176e+01 0.000000000000000000e+00 0.000000000000000000e+00 0.000000000000000000e+00 -9.567202165105835598e-02 9.954129114458982741e-01
1.632726261000000000e+09 6.228854361762956842e+02 -4.847986738234885706e+01 0.000000000000000000e+00 0.000000000000000000e+00 0.000000000000000000e+00 -9.801714032956063138e-02 9.951847266721969287e-01
1.632726262000000000e+09 6.259558599169755553e+02 -4.913000555084954613e+01 0.000000000000000000e+00 0.000000000000000000e+00 0.000000000000000000e+00 -1.004485403246675734e-01 9.949422549809829874e-01
1.632726263000000000e+09 6.290403085026081271e+02 -4.953470697364627995e+01 0.000000000000000000e+00 0.000000000000000000e+00 0.000000000000000000e+00 -1.021848882728796787e-01 9.947654239109133822e-01
1.632726264000000000e+09 6.321283866934417119e+02 -5.007973954007684370e+01 0.000000000000000000e+00 0.000000000000000000e+00 0.000000000000000000e+00 -1.034001469439283505e-01 9.946398391437848430e-01
1.632726265000000000e+09 6.352300821024432480e+02 -5.038699393233400770e+01 0.000000000000000000e+00 0.000000000000000000e+00 0.000000000000000000e+00 -1.040077185161909223e-01 9.945764900142456399e-01
1.632726266000000000e+09 6.382051949270933164e+02 -5.091441418205704394e+01 0.000000000000000000e+00 0.000000000000000000e+00 0.000000000000000000e+00 -1.050491793620449560e-01 9.944670280684829722e-01
1.632726267000000000e+09 6.413068102136445532e+02 -5.138453314969819985e+01 0.000000000000000000e+00 0.000000000000000000e+00 0.000000000000000000e+00 -1.053963074338797878e-01 9.944302984017044933e-01
1.632726268000000000e+09 6.443984847461686059e+02 -5.190699905291376126e+01 0.000000000000000000e+00 0.000000000000000000e+00 0.000000000000000000e+00 -1.063508432865126474e-01 9.943286670574511543e-01
1.632726270000000000e+09 6.474724482231004004e+02 -5.235619301580936735e+01 0.000000000000000000e+00 0.000000000000000000e+00 0.000000000000000000e+00 -1.086066277833439425e-01 9.940848054374084031e-01
1.632726270000000000e+09 6.504260065821399621e+02 -5.298798118593367690e+01 0.000000000000000000e+00 0.000000000000000000e+00 0.000000000000000000e+00 -1.108618531697598691e-01 9.938358262367918972e-01
1.632726271000000000e+09 6.534849097606552277e+02 -5.366690948483665125e+01 0.000000000000000000e+00 0.000000000000000000e+00 0.000000000000000000e+00 -1.136367304839211306e-01 9.935223668770244432e-01
1.632726272000000000e+09 6.565377563615990084e+02 -5.436790432665384287e+01 0.000000000000000000e+00 0.000000000000000000e+00 0.000000000000000000e+00 -1.166707370993330661e-01 9.931706495384859945e-01
1.632726273000000000e+09 6.596099903996820331e+02 -5.497185280591111223e+01 0.000000000000000000e+00 0.000000000000000000e+00 0.000000000000000000e+00 -1.185772716769774443e-01 9.929448275919687816e-01
1.632726274000000000e+09 6.626627044253368695e+02 -5.582790595061896965e+01 0.000000000000000000e+00 0.000000000000000000e+00 0.000000000000000000e+00 -1.212630087633524006e-01 9.926204121947418413e-01
1.632726275000000000e+09 6.656163622771269957e+02 -5.643637151815482866e+01 0.000000000000000000e+00 0.000000000000000000e+00 0.000000000000000000e+00 -1.232550800255186457e-01 9.923750224828833399e-01
1.632726276000000000e+09 6.686572754257841780e+02 -5.716591386010259157e+01 0.000000000000000000e+00 0.000000000000000000e+00 0.000000000000000000e+00 -1.266318009230438246e-01 9.919497905614914623e-01
1.632726277000000000e+09 6.717168289021469718e+02 -5.797668133998467965e+01 0.000000000000000000e+00 0.000000000000000000e+00 0.000000000000000000e+00 -1.287955965775627321e-01 9.916711623830903877e-01
1.632726278000000000e+09 6.747779178499382624e+02 -5.860931136875069569e+01 0.000000000000000000e+00 0.000000000000000000e+00 0.000000000000000000e+00 -1.310452936195722895e-01 9.913763821173873225e-01
1.632726279000000000e+09 6.777458470001986370e+02 -5.931361156912998922e+01 0.000000000000000000e+00 0.000000000000000000e+00 0.000000000000000000e+00 -1.319968861061169285e-01 9.912501309247272463e-01
1.632726280000000000e+09 6.808167092886629916e+02 -5.990161141391718047e+01 0.000000000000000000e+00 0.000000000000000000e+00 0.000000000000000000e+00 -1.337267420346168467e-01 9.910182432552930853e-01
1.632726281000000000e+09 6.838698879642687416e+02 -6.072648899625710328e+01 0.000000000000000000e+00 0.000000000000000000e+00 0.000000000000000000e+00 -1.360614003964807917e-01 9.907004064408919675e-01
1.632726282000000000e+09 6.868048371586653502e+02 -6.155592442786428364e+01 0.000000000000000000e+00 0.000000000000000000e+00 0.000000000000000000e+00 -1.384817295695081329e-01 9.903649885650428475e-01
1.632726283000000000e+09 6.898602390290270705e+02 -6.219496772612001223e+01 0.000000000000000000e+00 0.000000000000000000e+00 0.000000000000000000e+00 -1.408148355386811823e-01 9.900359498988983153e-01
1.632726284000000000e+09 6.929243444361318325e+02 -6.296763103181046972e+01 0.000000000000000000e+00 0.000000000000000000e+00 0.000000000000000000e+00 -1.425425588920940234e-01 9.897886738614936064e-01
1.632726285000000000e+09 6.958923708843508393e+02 -6.366408812344661783e+01 0.000000000000000000e+00 0.000000000000000000e+00 0.000000000000000000e+00 -1.434062580691747857e-01 9.896639051448714586e-01
1.632726286000000000e+09 6.989456839800222951e+02 -6.447325805419222888e+01 0.000000000000000000e+00 0.000000000000000000e+00 0.000000000000000000e+00 -1.455650267790614405e-01 9.893486862470740606e-01
1.632726287000000000e+09 7.020063464604861565e+02 -6.525286972081903514e+01 0.000000000000000000e+00 0.000000000000000000e+00 0.000000000000000000e+00 -1.473778574936380759e-01 9.890802632347817092e-01
1.632726288000000000e+09 7.049448648765869621e+02 -6.605173091285359988e+01 0.000000000000000000e+00 0.000000000000000000e+00 0.000000000000000000e+00 -1.494490576026837880e-01 9.887694267025399775e-01
1.632726289000000000e+09 7.079918072866046259e+02 -6.704561515245677583e+01 0.000000000000000000e+00 0.000000000000000000e+00 0.000000000000000000e+00 -1.516058604840888613e-01 9.884410266004133305e-01
1.632726290000000000e+09 7.109181677482295072e+02 -6.788058344728096927e+01 0.000000000000000000e+00 0.000000000000000000e+00 0.000000000000000000e+00 -1.541068471326889899e-01 9.880541886287522724e-01
1.632726292000000000e+09 7.138754113651227726e+02 -6.899477269811222868e+01 0.000000000000000000e+00 0.000000000000000000e+00 0.000000000000000000e+00 -1.598811876918347918e-01 9.871362650729879062e-01
1.632726292000000000e+09 7.169185025133942872e+02 -6.998751156760363301e+01 0.000000000000000000e+00 0.000000000000000000e+00 0.000000000000000000e+00 -1.620344027434902356e-01 9.867851094982942328e-01
1.632726294000000000e+09 7.199328437595784180e+02 -7.089628342466357935e+01 0.000000000000000000e+00 0.000000000000000000e+00 0.000000000000000000e+00 -1.653918744206477331e-01 9.862279289675510707e-01
1.632726294000000000e+09 7.229850324829690180e+02 -7.168130137665730217e+01 0.000000000000000000e+00 0.000000000000000000e+00 0.000000000000000000e+00 -1.672849901499686431e-01 9.859085820047034376e-01
1.632726295000000000e+09 7.258744641616743820e+02 -7.277910870888399586e+01 0.000000000000000000e+00 0.000000000000000000e+00 0.000000000000000000e+00 -1.707254341796181074e-01 9.853186419246217076e-01
1.632726296000000000e+09 7.289128797277915055e+02 -7.359966441973756446e+01 0.000000000000000000e+00 0.000000000000000000e+00 0.000000000000000000e+00 -1.730465604827633730e-01 9.849136448974018521e-01
1.632726297000000000e+09 7.318430776801918682e+02 -7.456663618664060778e+01 0.000000000000000000e+00 0.000000000000000000e+00 0.000000000000000000e+00 -1.749371388622704138e-01 9.845796044234730315e-01
1.632726298000000000e+09 7.348707445977626094e+02 -7.558636574372985706e+01 0.000000000000000000e+00 0.000000000000000000e+00 0.000000000000000000e+00 -1.774282786008419266e-01 9.841337337744002767e-01
1.632726299000000000e+09 7.378045415709933650e+02 -7.653847541532059040e+01 0.000000000000000000e+00 0.000000000000000000e+00 0.000000000000000000e+00 -1.791456448835822834e-01 9.838225642458325870e-01
1.632726300000000000e+09 7.407479386339214216e+02 -7.746168468418181874e+01 0.000000000000000000e+00 0.000000000000000000e+00 0.000000000000000000e+00 -1.805191452505599536e-01 9.835714708133858064e-01
1.632726301000000000e+09 7.437655600679454437e+02 -7.850209108534136249e+01 0.000000000000000000e+00 0.000000000000000000e+00 0.000000000000000000e+00 -1.832650875135597157e-01 9.830635318730154282e-01
1.632726302000000000e+09 7.467193406244987273e+02 -7.956732704089745312e+01 0.000000000000000000e+00 0.000000000000000000e+00 0.000000000000000000e+00 -1.841229023918789232e-01 9.829032286114389727e-01
1.632726303000000000e+09 7.496719501267550640e+02 -8.046149062555059572e+01 0.000000000000000000e+00 0.000000000000000000e+00 0.000000000000000000e+00 -1.851520951011505767e-01 9.827098766572230915e-01
1.632726304000000000e+09 7.526176437736828575e+02 -8.154808151249835646e+01 0.000000000000000000e+00 0.000000000000000000e+00 0.000000000000000000e+00 -1.862668247069272365e-01 9.824991959353446269e-01
1.632726306000000000e+09 7.555777395661770015e+02 -8.242066426284691261e+01 0.000000000000000000e+00 0.000000000000000000e+00 0.000000000000000000e+00 -1.870384202422539222e-01 9.823525993009242230e-01
1.632726306000000000e+09 7.585414859768205815e+02 -8.345711731917754150e+01 0.000000000000000000e+00 0.000000000000000000e+00 0.000000000000000000e+00 -1.875527531981292795e-01 9.822545315588020465e-01
1.632726307000000000e+09 7.613713390982343299e+02 -8.454096509715009233e+01 0.000000000000000000e+00 0.000000000000000000e+00 0.000000000000000000e+00 -1.886669646865552219e-01 9.820411276703038261e-01
1.632726308000000000e+09 7.643083937255929641e+02 -8.564870187037877258e+01 0.000000000000000000e+00 0.000000000000000000e+00 0.000000000000000000e+00 -1.900379684184983209e-01 9.817767417083018699e-01
1.632726309000000000e+09 7.672611963534235429e+02 -8.671356446256413619e+01 0.000000000000000000e+00 0.000000000000000000e+00 0.000000000000000000e+00 -1.908946577817803858e-01 9.816105284838670952e-01
1.632726310000000000e+09 7.702165613795496029e+02 -8.777125607412608588e+01 0.000000000000000000e+00 0.000000000000000000e+00 0.000000000000000000e+00 -1.916655539320546164e-01 9.814602974323102247e-01
1.632726311000000000e+09 7.730591327277188611e+02 -8.881921783919415248e+01 0.000000000000000000e+00 0.000000000000000000e+00 0.000000000000000000e+00 -1.923506957153764130e-01 9.813262504681157239e-01
1.632726312000000000e+09 7.760170153625608691e+02 -8.986971913073421092e+01 0.000000000000000000e+00 0.000000000000000000e+00 0.000000000000000000e+00 -1.930357437493057660e-01 9.811917252174279236e-01
1.632726313000000000e+09 7.789748196344030475e+02 -9.092018843469577405e+01 0.000000000000000000e+00 0.000000000000000000e+00 0.000000000000000000e+00 -1.937206976999587826e-01 9.810567217458128209e-01
1.632726314000000000e+09 7.818055465472235710e+02 -9.208559948025686026e+01 0.000000000000000000e+00 0.000000000000000000e+00 0.000000000000000000e+00 -1.947051535043798354e-01 9.808618165668576694e-01
1.632726315000000000e+09 7.847788723051584157e+02 -9.318248795071713175e+01 0.000000000000000000e+00 0.000000000000000000e+00 0.000000000000000000e+00 -1.948335463474494822e-01 9.808363213185349316e-01
1.632726316000000000e+09 7.876128534642176646e+02 -9.425160342309891348e+01 0.000000000000000000e+00 0.000000000000000000e+00 0.000000000000000000e+00 -1.957749917141066165e-01 9.806488426645602052e-01
1.632726317000000000e+09 7.905537952734065357e+02 -9.534451229931437410e+01 0.000000000000000000e+00 0.000000000000000000e+00 0.000000000000000000e+00 -1.969729338844425637e-01 9.804089265795955521e-01
1.632726318000000000e+09 7.933846617877730978e+02 -9.642058002618114187e+01 0.000000000000000000e+00 0.000000000000000000e+00 0.000000000000000000e+00 -1.979995075213943911e-01 9.802021194739812815e-01
1.632726319000000000e+09 7.961944497967871257e+02 -9.772439966978026860e+01 0.000000000000000000e+00 0.000000000000000000e+00 0.000000000000000000e+00 -1.995389605049542880e-01 9.798898934271147443e-01
1.632726320000000000e+09 7.991035786104508816e+02 -9.889476537128621203e+01 0.000000000000000000e+00 0.000000000000000000e+00 0.000000000000000000e+00 -2.016762720601792958e-01 9.794522353274347504e-01
1.632726321000000000e+09 8.019522225321144333e+02 -1.000993472406553337e+02 0.000000000000000000e+00 0.000000000000000000e+00 0.000000000000000000e+00 -2.020181530938649495e-01 9.793817773578104013e-01
1.632726322000000000e+09 8.047866336444732269e+02 -1.013392258864469113e+02 0.000000000000000000e+00 0.000000000000000000e+00 0.000000000000000000e+00 -2.027872953565124647e-01 9.792228106217658601e-01
1.632726323000000000e+09 8.076209462327416304e+02 -1.025790626612483720e+02 0.000000000000000000e+00 0.000000000000000000e+00 0.000000000000000000e+00 -2.035563125297676357e-01 9.790632398518921420e-01
1.632726324000000000e+09 8.104809235917520027e+02 -1.037553777174084644e+02 0.000000000000000000e+00 0.000000000000000000e+00 0.000000000000000000e+00 -2.035563125297676357e-01 9.790632398518921420e-01
1.632726325000000000e+09 8.133237378283246244e+02 -1.049740154299233836e+02 0.000000000000000000e+00 0.000000000000000000e+00 0.000000000000000000e+00 -2.040689209169049279e-01 9.789565238128861147e-01
1.632726326000000000e+09 8.160597288654358863e+02 -1.061689122740331186e+02 0.000000000000000000e+00 0.000000000000000000e+00 0.000000000000000000e+00 -2.043252041392618068e-01 9.789030651466206212e-01
1.632726327000000000e+09 8.189098429230378997e+02 -1.075446656778290162e+02 0.000000000000000000e+00 0.000000000000000000e+00 0.000000000000000000e+00 -2.044960518417902884e-01 9.788673887616849978e-01
1.632726328000000000e+09 8.217698255046142322e+02 -1.087209742538466344e+02 0.000000000000000000e+00 0.000000000000000000e+00 0.000000000000000000e+00 -2.044960518417902884e-01 9.788673887616849978e-01
1.632726329000000000e+09 8.246269381753353400e+02 -1.099043309899475389e+02 0.000000000000000000e+00 0.000000000000000000e+00 0.000000000000000000e+00 -2.045814733573901589e-01 9.788495393873970496e-01
1.632726330000000000e+09 8.273801430478166594e+02 -1.110569153197261585e+02 0.000000000000000000e+00 0.000000000000000000e+00 0.000000000000000000e+00 -2.043252041392618068e-01 9.789030651466206212e-01
1.632726331000000000e+09 8.302216454690143337e+02 -1.124538101324646959e+02 0.000000000000000000e+00 0.000000000000000000e+00 0.000000000000000000e+00 -2.047523117140080673e-01 9.788138182758606698e-01
1.632726332000000000e+09 8.330787583860300174e+02 -1.136371605204358275e+02 0.000000000000000000e+00 0.000000000000000000e+00 0.000000000000000000e+00 -2.048377285537253678e-01 9.787959465388841318e-01
1.632726333000000000e+09 8.358176037514042491e+02 -1.148249861761455577e+02 0.000000000000000000e+00 0.000000000000000000e+00 0.000000000000000000e+00 -2.050085575527238191e-01 9.787601807031953705e-01
1.632726334000000000e+09 8.386446252997112651e+02 -1.162570723901285419e+02 0.000000000000000000e+00 0.000000000000000000e+00 0.000000000000000000e+00 -2.058626087698812723e-01 9.785809043254721784e-01
1.632726335000000000e+09 8.414785549584041746e+02 -1.174967272242374747e+02 0.000000000000000000e+00 0.000000000000000000e+00 0.000000000000000000e+00 -2.066311208426581114e-01 9.784189184083198487e-01
1.632726336000000000e+09 8.442057276454308976e+02 -1.187126687594923169e+02 0.000000000000000000e+00 0.000000000000000000e+00 0.000000000000000000e+00 -2.071433914424038181e-01 9.783105924918420460e-01
1.632726337000000000e+09 8.470380340501341152e+02 -1.199557667919775668e+02 0.000000000000000000e+00 0.000000000000000000e+00 0.000000000000000000e+00 -2.079543703603368432e-01 9.781385279437856406e-01
1.632726338000000000e+09 8.498865976592940115e+02 -1.213349736588679662e+02 0.000000000000000000e+00 0.000000000000000000e+00 0.000000000000000000e+00 -2.081677621328621719e-01 9.780931360604653291e-01
1.632726339000000000e+09 8.525636414984850262e+02 -1.226702105838621719e+02 0.000000000000000000e+00 0.000000000000000000e+00 0.000000000000000000e+00 -2.101305002519370801e-01 9.776733467083320583e-01
1.632726340000000000e+09 8.554059080848069243e+02 -1.238885895882813202e+02 0.000000000000000000e+00 0.000000000000000000e+00 0.000000000000000000e+00 -2.106423799915839723e-01 9.775631886233653312e-01
1.632726341000000000e+09 8.581208664727981841e+02 -1.251324161214442938e+02 0.000000000000000000e+00 0.000000000000000000e+00 0.000000000000000000e+00 -2.114953844910280878e-01 9.773789962644953144e-01
1.632726342000000000e+09 8.609630181365746466e+02 -1.263507422373349982e+02 0.000000000000000000e+00 0.000000000000000000e+00 0.000000000000000000e+00 -2.120071099220546817e-01 9.772681235681933698e-01
1.632726343000000000e+09 8.636616838634037094e+02 -1.278078202240085375e+02 0.000000000000000000e+00 0.000000000000000000e+00 0.000000000000000000e+00 -2.132009096516317981e-01 9.770083787377245033e-01
1.632726344000000000e+09 8.664856518471842719e+02 -1.290680392655699507e+02 0.000000000000000000e+00 0.000000000000000000e+00 0.000000000000000000e+00 -2.142239133458791467e-01 9.767845796032906813e-01
1.632726345000000000e+09 8.692212296494286647e+02 -1.302627235607537841e+02 0.000000000000000000e+00 0.000000000000000000e+00 0.000000000000000000e+00 -2.144796276065721319e-01 9.767284624406857851e-01
1.632726346000000000e+09 8.720146339264420021e+02 -1.315926546680070715e+02 0.000000000000000000e+00 0.000000000000000000e+00 0.000000000000000000e+00 -2.163544152150784494e-01 9.763148913219246161e-01
1.632726348000000000e+09 8.747459964620526307e+02 -1.329726383623701622e+02 0.000000000000000000e+00 0.000000000000000000e+00 0.000000000000000000e+00 -2.166100064386570767e-01 9.762582164113369210e-01
1.632726348000000000e+09 8.775877167181786263e+02 -1.341907656397011124e+02 0.000000000000000000e+00 0.000000000000000000e+00 0.000000000000000000e+00 -2.171211443296503507e-01 9.761446658590021697e-01
1.632726349000000000e+09 8.803159932169936610e+02 -1.355777035843293561e+02 0.000000000000000000e+00 0.000000000000000000e+00 0.000000000000000000e+00 -2.174618698628546787e-01 9.760688168135231990e-01
1.632726350000000000e+09 8.830667244910803220e+02 -1.367374640445814293e+02 0.000000000000000000e+00 0.000000000000000000e+00 0.000000000000000000e+00 -2.172915104057914770e-01 9.761067562032187395e-01
1.632726351000000000e+09 8.859073251596217915e+02 -1.381339335220018256e+02 0.000000000000000000e+00 0.000000000000000000e+00 0.000000000000000000e+00 -2.177173966263265259e-01 9.760118519804227288e-01
1.632726352000000000e+09 8.886304968963130477e+02 -1.393564104653260074e+02 0.000000000000000000e+00 0.000000000000000000e+00 0.000000000000000000e+00 -2.183135676803785730e-01 9.758786738968451280e-01
1.632726353000000000e+09 8.913771306116962023e+02 -1.407015191359696473e+02 0.000000000000000000e+00 0.000000000000000000e+00 0.000000000000000000e+00 -2.181432413965425920e-01 9.759167619387474346e-01
1.632726354000000000e+09 8.941064095723687615e+02 -1.419100464620869388e+02 0.000000000000000000e+00 0.000000000000000000e+00 0.000000000000000000e+00 -2.185690446353646121e-01 9.758214860962962645e-01
1.632726355000000000e+09 8.969530792334219313e+02 -1.432925448092969418e+02 0.000000000000000000e+00 0.000000000000000000e+00 0.000000000000000000e+00 -2.188245066098645775e-01 9.757642314139974848e-01
1.632726356000000000e+09 8.996823121740285387e+02 -1.445010475916151336e+02 0.000000000000000000e+00 0.000000000000000000e+00 0.000000000000000000e+00 -2.192502432298404358e-01 9.756686583280494984e-01
1.632726357000000000e+09 9.024269417173031798e+02 -1.456747412848581007e+02 0.000000000000000000e+00 0.000000000000000000e+00 0.000000000000000000e+00 -2.192502432298404358e-01 9.756686583280494984e-01
1.632726358000000000e+09 9.051612806404616549e+02 -1.470476948492782867e+02 0.000000000000000000e+00 0.000000000000000000e+00 0.000000000000000000e+00 -2.194205261945670615e-01 9.756303770816585619e-01
1.632726359000000000e+09 9.079120794048335483e+02 -1.482074662586037448e+02 0.000000000000000000e+00 0.000000000000000000e+00 0.000000000000000000e+00 -2.192502432298404358e-01 9.756686583280494984e-01
1.632726360000000000e+09 9.134755406957219748e+02 -1.508262365707228128e+02 0.000000000000000000e+00 0.000000000000000000e+00 0.000000000000000000e+00 -2.202718406554939334e-01 9.754385250820476472e-01
1.632726362000000000e+09 9.161974499172653168e+02 -1.522269772534546064e+02 0.000000000000000000e+00 0.000000000000000000e+00 0.000000000000000000e+00 -2.207825488551739546e-01 9.753230573102497081e-01
1.632726363000000000e+09 9.188922685968833548e+02 -1.535117996386943560e+02 0.000000000000000000e+00 0.000000000000000000e+00 0.000000000000000000e+00 -2.221441410889047063e-01 9.750138360966333906e-01
1.632726364000000000e+09 9.216108893330226692e+02 -1.549194037840825331e+02 0.000000000000000000e+00 0.000000000000000000e+00 0.000000000000000000e+00 -2.227397016638500704e-01 9.748779540551212319e-01
1.632726365000000000e+09 9.243586604133707851e+02 -1.560861471377570524e+02 0.000000000000000000e+00 0.000000000000000000e+00 0.000000000000000000e+00 -2.226546266653113837e-01 9.748973880488811528e-01
1.632726366000000000e+09 9.270991771138616286e+02 -1.574451693145815625e+02 0.000000000000000000e+00 0.000000000000000000e+00 0.000000000000000000e+00 -2.226546266653113837e-01 9.748973880488811528e-01
1.632726368000000000e+09 9.298302979239205115e+02 -1.588250029792143323e+02 0.000000000000000000e+00 0.000000000000000000e+00 0.000000000000000000e+00 -2.229098465715003141e-01 9.748390637953888715e-01
1.632726368000000000e+09 9.325592552489254103e+02 -1.600333574095157019e+02 0.000000000000000000e+00 0.000000000000000000e+00 0.000000000000000000e+00 -2.233351791220665739e-01 9.747417082317316739e-01
1.632726369000000000e+09 9.353029158684719278e+02 -1.613854406826508239e+02 0.000000000000000000e+00 0.000000000000000000e+00 0.000000000000000000e+00 -2.232501160109513494e-01 9.747611941912218692e-01
1.632726370000000000e+09 9.379186241831431516e+02 -1.627626908050883685e+02 0.000000000000000000e+00 0.000000000000000000e+00 0.000000000000000000e+00 -2.235053002412650813e-01 9.747027140436523851e-01
1.632726371000000000e+09 9.406726945662583148e+02 -1.639155618880254224e+02 0.000000000000000000e+00 0.000000000000000000e+00 0.000000000000000000e+00 -2.232501160109513494e-01 9.747611941912218692e-01
1.632726372000000000e+09 9.434257663823490248e+02 -1.652468320761872747e+02 0.000000000000000000e+00 0.000000000000000000e+00 0.000000000000000000e+00 -2.229098465715003141e-01 9.748390637953888715e-01
1.632726374000000000e+09 9.461850766736999958e+02 -1.665642128500535364e+02 0.000000000000000000e+00 0.000000000000000000e+00 0.000000000000000000e+00 -2.223993914986150122e-01 9.749556454839604092e-01
1.632726374000000000e+09 9.489359797758157811e+02 -1.677239995688141789e+02 0.000000000000000000e+00 0.000000000000000000e+00 0.000000000000000000e+00 -2.222292262513963779e-01 9.749944466507004526e-01
1.632726375000000000e+09 9.516858773413296149e+02 -1.690621821449876734e+02 0.000000000000000000e+00 0.000000000000000000e+00 0.000000000000000000e+00 -2.219739656893959800e-01 9.750525927128868009e-01
1.632726376000000000e+09 9.543203739813737911e+02 -1.703977911585034235e+02 0.000000000000000000e+00 0.000000000000000000e+00 0.000000000000000000e+00 -2.217186899135398237e-01 9.751106719460226335e-01
1.632726378000000000e+09 9.570743758449825691e+02 -1.715506188596555148e+02 0.000000000000000000e+00 0.000000000000000000e+00 0.000000000000000000e+00 -2.214633989413245518e-01 9.751686843461266907e-01
1.632726378000000000e+09 9.598086795818102246e+02 -1.729235142157626797e+02 0.000000000000000000e+00 0.000000000000000000e+00 0.000000000000000000e+00 -2.216335946104217580e-01 9.751300168388126188e-01
1.632726379000000000e+09 9.624244692454142296e+02 -1.743007825952563508e+02 0.000000000000000000e+00 0.000000000000000000e+00 0.000000000000000000e+00 -2.218888754536750829e-01 9.750719598829120649e-01
1.632726380000000000e+09 9.651566399545050672e+02 -1.755022109556884971e+02 0.000000000000000000e+00 0.000000000000000000e+00 0.000000000000000000e+00 -2.222292262513963779e-01 9.749944466507004526e-01
1.632726381000000000e+09 9.678846696518260160e+02 -1.768889712084574057e+02 0.000000000000000000e+00 0.000000000000000000e+00 0.000000000000000000e+00 -2.225695499711606573e-01 9.749168146183730954e-01
1.632726382000000000e+09 9.704847430579891352e+02 -1.783008974433255389e+02 0.000000000000000000e+00 0.000000000000000000e+00 0.000000000000000000e+00 -2.232501160109513494e-01 9.747611941912218692e-01
1.632726384000000000e+09 9.731979547226599152e+02 -1.795438712525619849e+02 0.000000000000000000e+00 0.000000000000000000e+00 0.000000000000000000e+00 -2.241006705086126538e-01 9.745660005754305244e-01
1.632726384000000000e+09 9.759384965743317935e+02 -1.809028665504856690e+02 0.000000000000000000e+00 0.000000000000000000e+00 0.000000000000000000e+00 -2.241006705086126538e-01 9.745660005754305244e-01
1.632726385000000000e+09 9.785614657904071692e+02 -1.820878088573745117e+02 0.000000000000000000e+00 0.000000000000000000e+00 0.000000000000000000e+00 -2.242707609493811705e-01 9.745268727865771252e-01
1.632726386000000000e+09 9.812957007319434979e+02 -1.834606562327790016e+02 0.000000000000000000e+00 0.000000000000000000e+00 0.000000000000000000e+00 -2.244408445584715195e-01 9.744877153119376745e-01
1.632726387000000000e+09 9.839758765938836405e+02 -1.847360826026319955e+02 0.000000000000000000e+00 0.000000000000000000e+00 0.000000000000000000e+00 -2.245684027788838466e-01 9.744583277253784370e-01
1.632726388000000000e+09 9.866519288848253382e+02 -1.861968484116509899e+02 0.000000000000000000e+00 0.000000000000000000e+00 0.000000000000000000e+00 -2.246959571513773013e-01 9.744289234417389256e-01
1.632726389000000000e+09 9.893400019363969022e+02 -1.874549564763478884e+02 0.000000000000000000e+00 0.000000000000000000e+00 0.000000000000000000e+00 -2.246109213307028174e-01 9.744485281527047738e-01
1.632726390000000000e+09 9.920343871598515761e+02 -1.886992086141963227e+02 0.000000000000000000e+00 0.000000000000000000e+00 0.000000000000000000e+00 -2.243558036082099472e-01 9.745072977599062991e-01
1.632726391000000000e+09 9.946342695925716271e+02 -1.901110298161315768e+02 0.000000000000000000e+00 0.000000000000000000e+00 0.000000000000000000e+00 -2.250360833160237328e-01 9.743504303923633536e-01
1.632726392000000000e+09 9.973684912136313869e+02 -1.914838584101121342e+02 0.000000000000000000e+00 0.000000000000000000e+00 0.000000000000000000e+00 -2.252061361184506949e-01 9.743111393464605197e-01
1.632726393000000000e+09 1.000012633463750262e+03 -1.927987323595002636e+02 0.000000000000000000e+00 0.000000000000000000e+00 0.000000000000000000e+00 -2.246959571513773013e-01 9.744289234417389256e-01
1.632726394000000000e+09 1.002653580566198116e+03 -1.941205134155979977e+02 0.000000000000000000e+00 0.000000000000000000e+00 0.000000000000000000e+00 -2.242707609493811705e-01 9.745268727865771252e-01
1.632726395000000000e+09 1.005416183548285744e+03 -1.954309825728064425e+02 0.000000000000000000e+00 0.000000000000000000e+00 0.000000000000000000e+00 -2.236754145521027970e-01 9.746636901644304407e-01
1.632726396000000000e+09 1.008029730715943515e+03 -1.966367048190413698e+02 0.000000000000000000e+00 0.000000000000000000e+00 0.000000000000000000e+00 -2.241006705086126538e-01 9.745660005754305244e-01
1.632726397000000000e+09 1.010654898678980317e+03 -1.979931151100872739e+02 0.000000000000000000e+00 0.000000000000000000e+00 0.000000000000000000e+00 -2.241006705086126538e-01 9.745660005754305244e-01
1.632726398000000000e+09 1.013395460115958485e+03 -1.993520898099495753e+02 0.000000000000000000e+00 0.000000000000000000e+00 0.000000000000000000e+00 -2.241006705086126538e-01 9.745660005754305244e-01
1.632726399000000000e+09 1.016011171824465464e+03 -2.007292822960425838e+02 0.000000000000000000e+00 0.000000000000000000e+00 0.000000000000000000e+00 -2.243558036082099472e-01 9.745072977599062991e-01
1.632726400000000000e+09 1.018646772154993414e+03 -2.018864901080728487e+02 0.000000000000000000e+00 0.000000000000000000e+00 0.000000000000000000e+00 -2.241857165826328102e-01 9.745464403918016050e-01
1.632726401000000000e+09 1.021399937704172771e+03 -2.032177415460564589e+02 0.000000000000000000e+00 0.000000000000000000e+00 0.000000000000000000e+00 -2.238455220493978659e-01 9.746246365952548896e-01
1.632726402000000000e+09 1.024025112519473623e+03 -2.045741447963036990e+02 0.000000000000000000e+00 0.000000000000000000e+00 0.000000000000000000e+00 -2.238455220493978659e-01 9.746246365952548896e-01
1.632726403000000000e+09 1.026766653442447023e+03 -2.057547005551236907e+02 0.000000000000000000e+00 0.000000000000000000e+00 0.000000000000000000e+00 -2.239305732413475469e-01 9.746050986773059366e-01
1.632726404000000000e+09 1.029379226146294513e+03 -2.071388176425180063e+02 0.000000000000000000e+00 0.000000000000000000e+00 0.000000000000000000e+00 -2.242707609493811705e-01 9.745268727865771252e-01
1.632726406000000000e+09 1.032020158001072559e+03 -2.084605694728188610e+02 0.000000000000000000e+00 0.000000000000000000e+00 0.000000000000000000e+00 -2.238455220493978659e-01 9.746246365952548896e-01
1.632726406000000000e+09 1.034635890102459598e+03 -2.098377571010469183e+02 0.000000000000000000e+00 0.000000000000000000e+00 0.000000000000000000e+00 -2.241006705086126538e-01 9.745660005754305244e-01
