1.632726234000000000e+09 5.390263061523437500e+02 -3.731803131103515625e+01 0.000000000000000000e+00 0.000000000000000000e+00 0.000000000000000000e+00 -6.272126721478281375e-02 9.980310785943389273e-01
1.632726234000000000e+09 5.390263061523437500e+02 -3.731803131103515625e+01 0.000000000000000000e+00 0.000000000000000000e+00 0.000000000000000000e+00 -6.272126721478281375e-02 9.980310785943389273e-01
1.632726238000000000e+09 5.465734863281250000e+02 -3.992083740234375000e+01 0.000000000000000000e+00 0.000000000000000000e+00 0.000000000000000000e+00 -5.947244915371121404e-02 9.982299487476349320e-01
1.632726238000000000e+09 5.465734863281250000e+02 -3.992083740234375000e+01 0.000000000000000000e+00 0.000000000000000000e+00 0.000000000000000000e+00 -5.947244915371121404e-02 9.982299487476349320e-01
1.632726239000000000e+09 5.493820190429687500e+02 -4.053501129150390625e+01 0.000000000000000000e+00 0.000000000000000000e+00 0.000000000000000000e+00 -5.988452489346921676e-02 9.982053179305178103e-01
1.632726240000000000e+09 5.522664794921875000e+02 -4.108866500854492188e+01 0.000000000000000000e+00 0.000000000000000000e+00 0.000000000000000000e+00 -6.048395602845851871e-02 9.981691767041624974e-01
1.632726241000000000e+09 5.552003173828125000e+02 -4.160143280029296875e+01 0.000000000000000000e+00 0.000000000000000000e+00 0.000000000000000000e+00 -6.120258698649165552e-02 9.981253606166200498e-01
1.632726242000000000e+09 5.581504516601562500e+02 -4.208689498901367188e+01 0.000000000000000000e+00 0.000000000000000000e+00 0.000000000000000000e+00 -6.200684355309800389e-02 9.980757199652332545e-01
1.632726243000000000e+09 5.611582031250000000e+02 -4.257930374145507812e+01 0.000000000000000000e+00 0.000000000000000000e+00 0.000000000000000000e+00 -6.282508698346957188e-02 9.980245539190386594e-01
1.632726244000000000e+09 5.642360839843750000e+02 -4.309009552001953125e+01 0.000000000000000000e+00 0.000000000000000000e+00 0.000000000000000000e+00 -6.369658414837024718e-02 9.979693089631872516e-01
1.632726245000000000e+09 5.669995727539062500e+02 -4.352906036376953125e+01 0.000000000000000000e+00 0.000000000000000000e+00 0.000000000000000000e+00 -6.455656909976446867e-02 9.979140460166420201e-01
1.632726246000000000e+09 5.699151000976562500e+02 -4.400166702270507812e+01 0.000000000000000000e+00 0.000000000000000000e+00 0.000000000000000000e+00 -6.545268530562475817e-02 9.978556739123605190e-01
1.632726247000000000e+09 5.729396362304687500e+02 -4.448704528808593750e+01 0.000000000000000000e+00 0.000000000000000000e+00 0.000000000000000000e+00 -6.644247387965163121e-02 9.977902644278671129e-01
1.632726248000000000e+09 5.759310913085937500e+02 -4.500532913208007812e+01 0.000000000000000000e+00 0.000000000000000000e+00 0.000000000000000000e+00 -6.730649877140876258e-02 9.977323480677638967e-01
1.632726249000000000e+09 5.789488525390625000e+02 -4.552905654907226562e+01 0.000000000000000000e+00 0.000000000000000000e+00 0.000000000000000000e+00 -6.824722938716515364e-02 9.976684390333877550e-01
1.632726250000000000e+09 5.820286865234375000e+02 -4.606433868408203125e+01 0.000000000000000000e+00 0.000000000000000000e+00 0.000000000000000000e+00 -6.922839772382959056e-02 9.976008364732810163e-01
1.632726251000000000e+09 5.850686035156250000e+02 -4.657279586791992188e+01 0.000000000000000000e+00 0.000000000000000000e+00 0.000000000000000000e+00 -7.034249525445980533e-02 9.975228921753981348e-01
1.632726252000000000e+09 5.881381225585937500e+02 -4.709793472290039062e+01 0.000000000000000000e+00 0.000000000000000000e+00 0.000000000000000000e+00 -7.150907659503530356e-02 9.974399520372514427e-01
1.632726253000000000e+09 5.912069702148437500e+02 -4.764275741577148438e+01 0.000000000000000000e+00 0.000000000000000000e+00 0.000000000000000000e+00 -7.268536521897683844e-02 9.973549133087196150e-01
1.632726254000000000e+09 5.942789916992187500e+02 -4.815707015991210938e+01 0.000000000000000000e+00 0.000000000000000000e+00 0.000000000000000000e+00 -7.409925185101710887e-02 9.972508759235352294e-01
1.632726255000000000e+09 5.973464965820312500e+02 -4.868021011352539062e+01 0.000000000000000000e+00 0.000000000000000000e+00 0.000000000000000000e+00 -7.552731980339717766e-02 9.971437343125304498e-01
1.632726256000000000e+09 5.990126953125000000e+02 -4.872097396850585938e+01 0.000000000000000000e+00 0.000000000000000000e+00 0.000000000000000000e+00 -7.723505900176665107e-02 9.970129073129176955e-01
1.632726257000000000e+09 6.021198120117187500e+02 -4.929376220703125000e+01 0.000000000000000000e+00 0.000000000000000000e+00 0.000000000000000000e+00 -7.856905602118625931e-02 9.969086698149558501e-01
1.632726258000000000e+09 6.052727050781250000e+02 -4.986972045898437500e+01 0.000000000000000000e+00 0.000000000000000000e+00 0.000000000000000000e+00 -8.010595311462738455e-02 9.967863479944567562e-01
1.632726259000000000e+09 6.083729858398437500e+02 -5.045138168334960938e+01 0.000000000000000000e+00 0.000000000000000000e+00 0.000000000000000000e+00 -8.168794267394735575e-02 9.966579559725897708e-01
1.632726260000000000e+09 6.114483642578125000e+02 -5.102443313598632812e+01 0.000000000000000000e+00 0.000000000000000000e+00 0.000000000000000000e+00 -8.342125449104975665e-02 9.965143699423363310e-01
1.632726262000000000e+09 6.176219482421875000e+02 -5.217537689208984375e+01 0.000000000000000000e+00 0.000000000000000000e+00 0.000000000000000000e+00 -8.715061123177950120e-02 9.961951409890565934e-01
1.632726262000000000e+09 6.176219482421875000e+02 -5.217537689208984375e+01 0.000000000000000000e+00 0.000000000000000000e+00 0.000000000000000000e+00 -8.715061123177950120e-02 9.961951409890565934e-01
1.632726263000000000e+09 6.206547851562500000e+02 -5.273887634277343750e+01 0.000000000000000000e+00 0.000000000000000000e+00 0.000000000000000000e+00 -8.912851427409539118e-02 9.960201311020739912e-01
1.632726264000000000e+09 6.237028808593750000e+02 -5.331544876098632812e+01 0.000000000000000000e+00 0.000000000000000000e+00 0.000000000000000000e+00 -9.115311500989163596e-02 9.958368905188793585e-01
1.632726265000000000e+09 6.264722900390625000e+02 -5.384910202026367188e+01 0.000000000000000000e+00 0.000000000000000000e+00 0.000000000000000000e+00 -9.313478755121384900e-02 9.956535114485217663e-01
1.632726266000000000e+09 6.293087158203125000e+02 -5.444072723388671875e+01 0.000000000000000000e+00 0.000000000000000000e+00 0.000000000000000000e+00 -9.505366389561759055e-02 9.954721493439181446e-01
1.632726268000000000e+09 6.352114868164062500e+02 -5.564982604980468750e+01 0.000000000000000000e+00 0.000000000000000000e+00 0.000000000000000000e+00 -9.913690082397234871e-02 9.950738060716667333e-01
1.632726268000000000e+09 6.352114868164062500e+02 -5.564982604980468750e+01 0.000000000000000000e+00 0.000000000000000000e+00 0.000000000000000000e+00 -9.913690082397234871e-02 9.950738060716667333e-01
1.632726270000000000e+09 6.412207031250000000e+02 -5.694720077514648438e+01 0.000000000000000000e+00 0.000000000000000000e+00 0.000000000000000000e+00 -1.032712579108295697e-01 9.946532361178085369e-01
1.632726270000000000e+09 6.412207031250000000e+02 -5.694720077514648438e+01 0.000000000000000000e+00 0.000000000000000000e+00 0.000000000000000000e+00 -1.032712579108295697e-01 9.946532361178085369e-01
1.632726271000000000e+09 6.414400024414062500e+02 -5.671129608154296875e+01 0.000000000000000000e+00 0.000000000000000000e+00 0.000000000000000000e+00 -1.050308422224683208e-01 9.944689645014481716e-01
1.632726272000000000e+09 6.441383056640625000e+02 -5.750736999511718750e+01 0.000000000000000000e+00 0.000000000000000000e+00 0.000000000000000000e+00 -1.062677703058292900e-01 9.943375458008425483e-01
1.632726273000000000e+09 6.468884887695312500e+02 -5.829446792602539062e+01 0.000000000000000000e+00 0.000000000000000000e+00 0.000000000000000000e+00 -1.076118049281456351e-01 9.941929951421973888e-01
1.632726274000000000e+09 6.496574096679687500e+02 -5.911240386962890625e+01 0.000000000000000000e+00 0.000000000000000000e+00 0.000000000000000000e+00 -1.088761858847117903e-01 9.940553190133244454e-01
1.632726275000000000e+09 6.524867553710937500e+02 -5.990194320678710938e+01 0.000000000000000000e+00 0.000000000000000000e+00 0.000000000000000000e+00 -1.102831115336189161e-01 9.939002175426159269e-01
1.632726276000000000e+09 6.553383789062500000e+02 -6.061601257324218750e+01 0.000000000000000000e+00 0.000000000000000000e+00 0.000000000000000000e+00 -1.120097743002530788e-01 9.937071089215514519e-01
1.632726278000000000e+09 6.610472412109375000e+02 -6.179507827758789062e+01 0.000000000000000000e+00 0.000000000000000000e+00 0.000000000000000000e+00 -1.166889445348902876e-01 9.931685035928851102e-01
1.632726278000000000e+09 6.610472412109375000e+02 -6.179507827758789062e+01 0.000000000000000000e+00 0.000000000000000000e+00 0.000000000000000000e+00 -1.166889445348902876e-01 9.931685035928851102e-01
1.632726279000000000e+09 6.638966674804687500e+02 -6.244504928588867188e+01 0.000000000000000000e+00 0.000000000000000000e+00 0.000000000000000000e+00 -1.189048267811470272e-01 9.929056497208913479e-01
1.632726280000000000e+09 6.662135009765625000e+02 -6.293144607543945312e+01 0.000000000000000000e+00 0.000000000000000000e+00 0.000000000000000000e+00 -1.210166292453872389e-01 9.926504872144448210e-01
1.632726281000000000e+09 6.678749389648437500e+02 -6.316292572021484375e+01 0.000000000000000000e+00 0.000000000000000000e+00 0.000000000000000000e+00 -1.232289040168771110e-01 9.923782765961088881e-01
1.632726282000000000e+09 6.706976318359375000e+02 -6.404605102539062500e+01 0.000000000000000000e+00 0.000000000000000000e+00 0.000000000000000000e+00 -1.247375896233928749e-01 9.921897677898772194e-01
1.632726283000000000e+09 6.736069946289062500e+02 -6.491781616210937500e+01 0.000000000000000000e+00 0.000000000000000000e+00 0.000000000000000000e+00 -1.263813595338845741e-01 9.919817253052288786e-01
1.632726284000000000e+09 6.766024780273437500e+02 -6.578002166748046875e+01 0.000000000000000000e+00 0.000000000000000000e+00 0.000000000000000000e+00 -1.281681349912333623e-01 9.917524540416221557e-01
1.632726285000000000e+09 6.793995361328125000e+02 -6.656233978271484375e+01 0.000000000000000000e+00 0.000000000000000000e+00 0.000000000000000000e+00 -1.299526562092286897e-01 9.915201991904933898e-01
1.632726286000000000e+09 6.823533935546875000e+02 -6.737812042236328125e+01 0.000000000000000000e+00 0.000000000000000000e+00 0.000000000000000000e+00 -1.318767939861538729e-01 9.912661081378661976e-01
1.632726287000000000e+09 6.853800048828125000e+02 -6.821630096435546875e+01 0.000000000000000000e+00 0.000000000000000000e+00 0.000000000000000000e+00 -1.338877357049931827e-01 9.909965095285329095e-01
1.632726288000000000e+09 6.883995361328125000e+02 -6.908288574218750000e+01 0.000000000000000000e+00 0.000000000000000000e+00 0.000000000000000000e+00 -1.358405312296737943e-01 9.907307180318249973e-01
1.632726289000000000e+09 6.914263916015625000e+02 -6.993283843994140625e+01 0.000000000000000000e+00 0.000000000000000000e+00 0.000000000000000000e+00 -1.379035884902124476e-01 9.904456580967017088e-01
1.632726290000000000e+09 6.944082031250000000e+02 -7.077707672119140625e+01 0.000000000000000000e+00 0.000000000000000000e+00 0.000000000000000000e+00 -1.399837530773266892e-01 9.901538041120565570e-01
1.632726292000000000e+09 7.004364013671875000e+02 -7.250516510009765625e+01 0.000000000000000000e+00 0.000000000000000000e+00 0.000000000000000000e+00 -1.443365998007565265e-01 9.895286528220307298e-01
1.632726292000000000e+09 7.004364013671875000e+02 -7.250516510009765625e+01 0.000000000000000000e+00 0.000000000000000000e+00 0.000000000000000000e+00 -1.443365998007565265e-01 9.895286528220307298e-01
1.632726293000000000e+09 7.034556274414062500e+02 -7.340640258789062500e+01 0.000000000000000000e+00 0.000000000000000000e+00 0.000000000000000000e+00 -1.464717564899839786e-01 9.892148519754621061e-01
1.632726294000000000e+09 7.064667968750000000e+02 -7.430816650390625000e+01 0.000000000000000000e+00 0.000000000000000000e+00 0.000000000000000000e+00 -1.486438644031531364e-01 9.888907953948193885e-01
1.632726295000000000e+09 7.094790039062500000e+02 -7.522312164306640625e+01 0.000000000000000000e+00 0.000000000000000000e+00 0.000000000000000000e+00 -1.508504782454475612e-01 9.885565935836204687e-01
1.632726296000000000e+09 7.124937744140625000e+02 -7.616668701171875000e+01 0.000000000000000000e+00 0.000000000000000000e+00 0.000000000000000000e+00 -1.529983966726563838e-01 9.882264404779317335e-01
1.632726297000000000e+09 7.155258789062500000e+02 -7.713941955566406250e+01 0.000000000000000000e+00 0.000000000000000000e+00 0.000000000000000000e+00 -1.551385362725864747e-01 9.878927228550113959e-01
1.632726298000000000e+09 7.185151977539062500e+02 -7.812311553955078125e+01 0.000000000000000000e+00 0.000000000000000000e+00 0.000000000000000000e+00 -1.571988690821776447e-01 9.875669649813985096e-01
1.632726299000000000e+09 7.214829711914062500e+02 -7.912487030029296875e+01 0.000000000000000000e+00 0.000000000000000000e+00 0.000000000000000000e+00 -1.591481395186160330e-01 9.872547140784120323e-01
1.632726300000000000e+09 7.244616088867187500e+02 -8.012448883056640625e+01 0.000000000000000000e+00 0.000000000000000000e+00 0.000000000000000000e+00 -1.610895061223090174e-01 9.869397976688939478e-01
1.632726301000000000e+09 7.274245605468750000e+02 -8.112742614746093750e+01 0.000000000000000000e+00 0.000000000000000000e+00 0.000000000000000000e+00 -1.629769919957138324e-01 9.866298704975601241e-01
1.632726302000000000e+09 7.303716430664062500e+02 -8.212255096435546875e+01 0.000000000000000000e+00 0.000000000000000000e+00 0.000000000000000000e+00 -1.648273254140076860e-01 9.863224444839516769e-01
1.632726303000000000e+09 7.318875122070312500e+02 -8.272927093505859375e+01 0.000000000000000000e+00 0.000000000000000000e+00 0.000000000000000000e+00 -1.658272581365047849e-01 9.861548092089326145e-01
1.632726304000000000e+09 7.348019409179687500e+02 -8.382769775390625000e+01 0.000000000000000000e+00 0.000000000000000000e+00 0.000000000000000000e+00 -1.673463660460355606e-01 9.858981715608963192e-01
1.632726305000000000e+09 7.377806396484375000e+02 -8.486209869384765625e+01 0.000000000000000000e+00 0.000000000000000000e+00 0.000000000000000000e+00 -1.689838181799977745e-01 9.856188197114510441e-01
1.632726306000000000e+09 7.407910766601562500e+02 -8.593422698974609375e+01 0.000000000000000000e+00 0.000000000000000000e+00 0.000000000000000000e+00 -1.704901635189053355e-01 9.853593808970744217e-01
1.632726307000000000e+09 7.438519897460937500e+02 -8.701828002929687500e+01 0.000000000000000000e+00 0.000000000000000000e+00 0.000000000000000000e+00 -1.720393356743775415e-01 9.850900868305156877e-01
1.632726308000000000e+09 7.469546508789062500e+02 -8.813173675537109375e+01 0.000000000000000000e+00 0.000000000000000000e+00 0.000000000000000000e+00 -1.735229123369831927e-01 9.848298278483026413e-01
1.632726309000000000e+09 7.500675659179687500e+02 -8.925822448730468750e+01 0.000000000000000000e+00 0.000000000000000000e+00 0.000000000000000000e+00 -1.749673988933913849e-01 9.845742220839761583e-01
1.632726310000000000e+09 7.530914916992187500e+02 -9.039064788818359375e+01 0.000000000000000000e+00 0.000000000000000000e+00 0.000000000000000000e+00 -1.762764459920745652e-01 9.843406974023117817e-01
1.632726311000000000e+09 7.561224365234375000e+02 -9.151003265380859375e+01 0.000000000000000000e+00 0.000000000000000000e+00 0.000000000000000000e+00 -1.776802398670577487e-01 9.840882807165329815e-01
1.632726312000000000e+09 7.590854492187500000e+02 -9.264312744140625000e+01 0.000000000000000000e+00 0.000000000000000000e+00 0.000000000000000000e+00 -1.789682350961326052e-01 9.838548527330329696e-01
1.632726313000000000e+09 7.620061035156250000e+02 -9.375904846191406250e+01 0.000000000000000000e+00 0.000000000000000000e+00 0.000000000000000000e+00 -1.802708312954172387e-01 9.836170063496291194e-01
1.632726314000000000e+09 7.647653198242187500e+02 -9.488259887695312500e+01 0.000000000000000000e+00 0.000000000000000000e+00 0.000000000000000000e+00 -1.814532489078775346e-01 9.833995739533449854e-01
1.632726315000000000e+09 7.675706787109375000e+02 -9.602076721191406250e+01 0.000000000000000000e+00 0.000000000000000000e+00 0.000000000000000000e+00 -1.826706507485127973e-01 9.831741668231656073e-01
1.632726316000000000e+09 7.704429931640625000e+02 -9.718141174316406250e+01 0.000000000000000000e+00 0.000000000000000000e+00 0.000000000000000000e+00 -1.839233709749582002e-01 9.829405823957171329e-01
1.632726317000000000e+09 7.733410034179687500e+02 -9.835554504394531250e+01 0.000000000000000000e+00 0.000000000000000000e+00 0.000000000000000000e+00 -1.852065391744709966e-01 9.826996185054331923e-01
1.632726318000000000e+09 7.762587890625000000e+02 -9.954477691650390625e+01 0.000000000000000000e+00 0.000000000000000000e+00 0.000000000000000000e+00 -1.864488973793212989e-01 9.824646623823023450e-01
1.632726319000000000e+09 7.791604614257812500e+02 -1.007376556396484375e+02 0.000000000000000000e+00 0.000000000000000000e+00 0.000000000000000000e+00 -1.876926514107147004e-01 9.822278143934888295e-01
1.632726320000000000e+09 7.820595703125000000e+02 -1.019288024902343750e+02 0.000000000000000000e+00 0.000000000000000000e+00 0.000000000000000000e+00 -1.889409795047765073e-01 9.819884510167222746e-01
1.632726321000000000e+09 7.849381713867187500e+02 -1.031100234985351562e+02 0.000000000000000000e+00 0.000000000000000000e+00 0.000000000000000000e+00 -1.901730046836295762e-01 9.817505926310609032e-01
1.632726322000000000e+09 7.878032836914062500e+02 -1.043068313598632812e+02 0.000000000000000000e+00 0.000000000000000000e+00 0.000000000000000000e+00 -1.912762670301878520e-01 9.815362385245909316e-01
1.632726323000000000e+09 7.906668090820312500e+02 -1.055080795288085938e+02 0.000000000000000000e+00 0.000000000000000000e+00 0.000000000000000000e+00 -1.923049523615369405e-01 9.813352153003526146e-01
1.632726324000000000e+09 7.935217895507812500e+02 -1.067150497436523438e+02 0.000000000000000000e+00 0.000000000000000000e+00 0.000000000000000000e+00 -1.932428981528797052e-01 9.811509483299382106e-01
1.632726325000000000e+09 7.951500854492187500e+02 -1.075968246459960938e+02 0.000000000000000000e+00 0.000000000000000000e+00 0.000000000000000000e+00 -1.932090052033454408e-01 9.811576307763130167e-01
1.632726326000000000e+09 7.980339965820312500e+02 -1.088202209472656250e+02 0.000000000000000000e+00 0.000000000000000000e+00 0.000000000000000000e+00 -1.939174973557198922e-01 9.810178366652317905e-01
1.632726327000000000e+09 8.009454956054687500e+02 -1.100871810913085938e+02 0.000000000000000000e+00 0.000000000000000000e+00 0.000000000000000000e+00 -1.944185528620640258e-01 9.809186594679816240e-01
1.632726328000000000e+09 8.038661499023437500e+02 -1.114272079467773438e+02 0.000000000000000000e+00 0.000000000000000000e+00 0.000000000000000000e+00 -1.945974914925535093e-01 9.808831877801182930e-01
1.632726330000000000e+09 8.080327148437500000e+02 -1.134404907226562500e+02 0.000000000000000000e+00 0.000000000000000000e+00 0.000000000000000000e+00 -1.949974789371409778e-01 9.808037478139659537e-01
1.632726331000000000e+09 8.105738525390625000e+02 -1.147430038452148438e+02 0.000000000000000000e+00 0.000000000000000000e+00 0.000000000000000000e+00 -1.947414537493470099e-01 9.808546120099939092e-01
1.632726332000000000e+09 8.133197021484375000e+02 -1.160396575927734375e+02 0.000000000000000000e+00 0.000000000000000000e+00 0.000000000000000000e+00 -1.945858220313047837e-01 9.808854968969058508e-01
1.632726333000000000e+09 8.160872192382812500e+02 -1.173548507690429688e+02 0.000000000000000000e+00 0.000000000000000000e+00 0.000000000000000000e+00 -1.943254061073981520e-01 9.809371163913429559e-01
1.632726334000000000e+09 8.189295043945312500e+02 -1.186884536743164062e+02 0.000000000000000000e+00 0.000000000000000000e+00 0.000000000000000000e+00 -1.940570467227498985e-01 9.809902521625153415e-01
1.632726335000000000e+09 8.205083618164062500e+02 -1.192580337524414062e+02 0.000000000000000000e+00 0.000000000000000000e+00 0.000000000000000000e+00 -1.944642650272067341e-01 9.809096055744989107e-01
1.632726336000000000e+09 8.232641601562500000e+02 -1.205044403076171875e+02 0.000000000000000000e+00 0.000000000000000000e+00 0.000000000000000000e+00 -1.942518691556266996e-01 9.809516842033214612e-01
1.632726337000000000e+09 8.260856323242187500e+02 -1.217189254760742188e+02 0.000000000000000000e+00 0.000000000000000000e+00 0.000000000000000000e+00 -1.941445044296110922e-01 9.809729355034997322e-01
1.632726338000000000e+09 8.289789428710937500e+02 -1.229733200073242188e+02 0.000000000000000000e+00 0.000000000000000000e+00 0.000000000000000000e+00 -1.941762481283577368e-01 9.809666619366874674e-01
1.632726339000000000e+09 8.319103393554687500e+02 -1.242610015869140625e+02 0.000000000000000000e+00 0.000000000000000000e+00 0.000000000000000000e+00 -1.941871412264830898e-01 9.809645049141320072e-01
1.632726340000000000e+09 8.348926391601562500e+02 -1.255799179077148438e+02 0.000000000000000000e+00 0.000000000000000000e+00 0.000000000000000000e+00 -1.942584289153345134e-01 9.809503930087035695e-01
1.632726341000000000e+09 8.379115600585937500e+02 -1.269288024902343750e+02 0.000000000000000000e+00 0.000000000000000000e+00 0.000000000000000000e+00 -1.943405517185798903e-01 9.809341238108972849e-01
1.632726342000000000e+09 8.409646606445312500e+02 -1.283238830566406250e+02 0.000000000000000000e+00 0.000000000000000000e+00 0.000000000000000000e+00 -1.942905415376351141e-01 9.809440281539255624e-01
1.632726343000000000e+09 8.440328979492187500e+02 -1.297140045166015625e+02 0.000000000000000000e+00 0.000000000000000000e+00 0.000000000000000000e+00 -1.944018700173131831e-01 9.809219711061337721e-01
1.632726344000000000e+09 8.460575561523437500e+02 -1.305930633544921875e+02 0.000000000000000000e+00 0.000000000000000000e+00 0.000000000000000000e+00 -1.948497925262476504e-01 9.808330998762097019e-01
1.632726345000000000e+09 8.488919677734375000e+02 -1.318967895507812500e+02 0.000000000000000000e+00 0.000000000000000000e+00 0.000000000000000000e+00 -1.950503926884938621e-01 9.807932191428053725e-01
1.632726346000000000e+09 8.517541503906250000e+02 -1.332340393066406250e+02 0.000000000000000000e+00 0.000000000000000000e+00 0.000000000000000000e+00 -1.951179537445155154e-01 9.807797884660532928e-01
1.632726348000000000e+09 8.567801513671875000e+02 -1.356267395019531250e+02 0.000000000000000000e+00 0.000000000000000000e+00 0.000000000000000000e+00 -1.951798081293689979e-01 9.807674819152509826e-01
1.632726348000000000e+09 8.567801513671875000e+02 -1.356267395019531250e+02 0.000000000000000000e+00 0.000000000000000000e+00 0.000000000000000000e+00 -1.951798081293689979e-01 9.807674819152509826e-01
1.632726349000000000e+09 8.591263427734375000e+02 -1.368084869384765625e+02 0.000000000000000000e+00 0.000000000000000000e+00 0.000000000000000000e+00 -1.947960326147369914e-01 9.808437800411506924e-01
1.632726350000000000e+09 8.598417358398437500e+02 -1.375527343750000000e+02 0.000000000000000000e+00 0.000000000000000000e+00 0.000000000000000000e+00 -1.917573373410256521e-01 9.814423670178903381e-01
1.632726351000000000e+09 8.601810913085937500e+02 -1.379571533203125000e+02 0.000000000000000000e+00 0.000000000000000000e+00 0.000000000000000000e+00 -1.899609600338046933e-01 9.817916486778128782e-01
1.632726352000000000e+09 8.608038940429687500e+02 -1.383336639404296875e+02 0.000000000000000000e+00 0.000000000000000000e+00 0.000000000000000000e+00 -1.892656722686530124e-01 9.819259150056391938e-01
1.632726353000000000e+09 8.621406250000000000e+02 -1.389446105957031250e+02 0.000000000000000000e+00 0.000000000000000000e+00 0.000000000000000000e+00 -1.892622201463657061e-01 9.819265827249239464e-01
1.632726354000000000e+09 8.630950927734375000e+02 -1.394067993164062500e+02 0.000000000000000000e+00 0.000000000000000000e+00 0.000000000000000000e+00 -1.893160303551115753e-01 9.819162026737993099e-01
1.632726355000000000e+09 8.645722045898437500e+02 -1.400986785888671875e+02 0.000000000000000000e+00 0.000000000000000000e+00 0.000000000000000000e+00 -1.891442228096076594e-01 9.819493152606114661e-01
1.632726356000000000e+09 8.665122680664062500e+02 -1.409423217773437500e+02 0.000000000000000000e+00 0.000000000000000000e+00 0.000000000000000000e+00 -1.894173012216083529e-01 9.818966714906517401e-01
1.632726357000000000e+09 8.685703125000000000e+02 -1.418175201416015625e+02 0.000000000000000000e+00 0.000000000000000000e+00 0.000000000000000000e+00 -1.897399115382055468e-01 9.818343876404724835e-01
1.632726358000000000e+09 8.707527465820312500e+02 -1.427550811767578125e+02 0.000000000000000000e+00 0.000000000000000000e+00 0.000000000000000000e+00 -1.900253416296323883e-01 9.817791878558118635e-01
1.632726359000000000e+09 8.730597534179687500e+02 -1.437560882568359375e+02 0.000000000000000000e+00 0.000000000000000000e+00 0.000000000000000000e+00 -1.902319067628994442e-01 9.817391785932777504e-01
1.632726360000000000e+09 8.755074462890625000e+02 -1.448073883056640625e+02 0.000000000000000000e+00 0.000000000000000000e+00 0.000000000000000000e+00 -1.904886215976490937e-01 9.816894075877025116e-01
1.632726361000000000e+09 8.780717773437500000e+02 -1.459519042968750000e+02 0.000000000000000000e+00 0.000000000000000000e+00 0.000000000000000000e+00 -1.906049984432574007e-01 9.816668208278109820e-01
1.632726362000000000e+09 8.807589111328125000e+02 -1.471774139404296875e+02 0.000000000000000000e+00 0.000000000000000000e+00 0.000000000000000000e+00 -1.906179196994367553e-01 9.816643010360849297e-01
1.632726363000000000e+09 8.819368896484375000e+02 -1.477525787353515625e+02 0.000000000000000000e+00 0.000000000000000000e+00 0.000000000000000000e+00 -1.907252986992964139e-01 9.816434441984036585e-01
1.632726364000000000e+09 8.846447143554687500e+02 -1.488484039306640625e+02 0.000000000000000000e+00 0.000000000000000000e+00 0.000000000000000000e+00 -1.911821860220387914e-01 9.815545623856701818e-01
1.632726365000000000e+09 8.844133911132812500e+02 -1.488925628662109375e+02 0.000000000000000000e+00 0.000000000000000000e+00 0.000000000000000000e+00 -1.909785577559260927e-01 9.815942148394116717e-01
1.632726365000000000e+09 8.844133911132812500e+02 -1.488925628662109375e+02 0.000000000000000000e+00 0.000000000000000000e+00 0.000000000000000000e+00 -1.909785577559260927e-01 9.815942148394116717e-01
1.632726367000000000e+09 8.857282714843750000e+02 -1.496088104248046875e+02 0.000000000000000000e+00 0.000000000000000000e+00 0.000000000000000000e+00 -1.912022898169303264e-01 9.815506456321795303e-01
1.632726368000000000e+09 8.848099975585937500e+02 -1.493427581787109375e+02 0.000000000000000000e+00 0.000000000000000000e+00 0.000000000000000000e+00 -1.911768992606708295e-01 9.815555947056930908e-01
1.632726369000000000e+09 8.837332153320312500e+02 -1.490004272460937500e+02 0.000000000000000000e+00 0.000000000000000000e+00 0.000000000000000000e+00 -1.911340565045505091e-01 9.815639443130336206e-01
1.632726370000000000e+09 8.836544189453125000e+02 -1.490846252441406250e+02 0.000000000000000000e+00 0.000000000000000000e+00 0.000000000000000000e+00 -1.910433595915785043e-01 9.815815997034057494e-01
1.632726371000000000e+09 8.820891723632812500e+02 -1.485122680664062500e+02 0.000000000000000000e+00 0.000000000000000000e+00 0.000000000000000000e+00 -1.909760343529334492e-01 9.815947006175805845e-01
1.632726371000000000e+09 8.820891723632812500e+02 -1.485122680664062500e+02 0.000000000000000000e+00 0.000000000000000000e+00 0.000000000000000000e+00 -1.909760343529334492e-01 9.815947006175805845e-01
1.632726373000000000e+09 8.798449096679687500e+02 -1.477688293457031250e+02 0.000000000000000000e+00 0.000000000000000000e+00 0.000000000000000000e+00 -1.906035640622046057e-01 9.816670940578503535e-01
1.632726374000000000e+09 8.778687133789062500e+02 -1.470119781494140625e+02 0.000000000000000000e+00 0.000000000000000000e+00 0.000000000000000000e+00 -1.904375336885023307e-01 9.816993194896356245e-01
1.632726375000000000e+09 8.775625000000000000e+02 -1.469751434326171875e+02 0.000000000000000000e+00 0.000000000000000000e+00 0.000000000000000000e+00 -1.902351389081285982e-01 9.817385562815518218e-01
1.632726376000000000e+09 8.752795410156250000e+02 -1.460912322998046875e+02 0.000000000000000000e+00 0.000000000000000000e+00 0.000000000000000000e+00 -1.900179319746266859e-01 9.817806145596490452e-01
1.632726377000000000e+09 8.756346435546875000e+02 -1.461480102539062500e+02 0.000000000000000000e+00 0.000000000000000000e+00 0.000000000000000000e+00 -1.905880258476355671e-01 9.816701147626628599e-01
1.632726378000000000e+09 8.748123168945312500e+02 -1.459331054687500000e+02 0.000000000000000000e+00 0.000000000000000000e+00 0.000000000000000000e+00 -1.902278378193947850e-01 9.817399678661187234e-01
1.632726379000000000e+09 8.730424804687500000e+02 -1.453026275634765625e+02 0.000000000000000000e+00 0.000000000000000000e+00 0.000000000000000000e+00 -1.899341388992748791e-01 9.817968393755168721e-01
1.632726379000000000e+09 8.730424804687500000e+02 -1.453026275634765625e+02 0.000000000000000000e+00 0.000000000000000000e+00 0.000000000000000000e+00 -1.899341388992748791e-01 9.817968393755168721e-01
1.632726381000000000e+09 8.716871337890625000e+02 -1.449808807373046875e+02 0.000000000000000000e+00 0.000000000000000000e+00 0.000000000000000000e+00 -1.895387698016948730e-01 9.818732396285450026e-01
1.632726382000000000e+09 8.706121826171875000e+02 -1.446780853271484375e+02 0.000000000000000000e+00 0.000000000000000000e+00 0.000000000000000000e+00 -1.892847424919717469e-01 9.819222425414571020e-01
1.632726383000000000e+09 8.692733154296875000e+02 -1.442440185546875000e+02 0.000000000000000000e+00 0.000000000000000000e+00 0.000000000000000000e+00 -1.890139875337498998e-01 9.819743993504568280e-01
1.632726384000000000e+09 8.677930297851562500e+02 -1.437357635498046875e+02 0.000000000000000000e+00 0.000000000000000000e+00 0.000000000000000000e+00 -1.887668971382219230e-01 9.820219253425092054e-01
1.632726385000000000e+09 8.671413574218750000e+02 -1.435659790039062500e+02 0.000000000000000000e+00 0.000000000000000000e+00 0.000000000000000000e+00 -1.885800550059783531e-01 9.820578262751018528e-01
1.632726386000000000e+09 8.663723754882812500e+02 -1.433184509277343750e+02 0.000000000000000000e+00 0.000000000000000000e+00 0.000000000000000000e+00 -1.885091801991806704e-01 9.820714215519344981e-01
1.632726387000000000e+09 8.667194824218750000e+02 -1.434952850341796875e+02 0.000000000000000000e+00 0.000000000000000000e+00 0.000000000000000000e+00 -1.886461470602839308e-01 9.820451260529424742e-01
1.632726388000000000e+09 8.676831054687500000e+02 -1.439573974609375000e+02 0.000000000000000000e+00 0.000000000000000000e+00 0.000000000000000000e+00 -1.887544821542291307e-01 9.820243076513043290e-01
1.632726389000000000e+09 8.668365478515625000e+02 -1.436299285888671875e+02 0.000000000000000000e+00 0.000000000000000000e+00 0.000000000000000000e+00 -1.888733797543711845e-01 9.820014554574284515e-01
1.632726390000000000e+09 8.678549194335937500e+02 -1.440872650146484375e+02 0.000000000000000000e+00 0.000000000000000000e+00 0.000000000000000000e+00 -1.890321890949926420e-01 9.819708939898468270e-01
1.632726391000000000e+09 8.691575317382812500e+02 -1.446828918457031250e+02 0.000000000000000000e+00 0.000000000000000000e+00 0.000000000000000000e+00 -1.891031691533004711e-01 9.819572214464068471e-01
1.632726392000000000e+09 8.708884277343750000e+02 -1.454729461669921875e+02 0.000000000000000000e+00 0.000000000000000000e+00 0.000000000000000000e+00 -1.891240172146824439e-01 9.819532152488922305e-01
1.632726393000000000e+09 8.729667358398437500e+02 -1.463968963623046875e+02 0.000000000000000000e+00 0.000000000000000000e+00 0.000000000000000000e+00 -1.891814007796285835e-01 9.819421525958730301e-01
1.632726393000000000e+09 8.729667358398437500e+02 -1.463968963623046875e+02 0.000000000000000000e+00 0.000000000000000000e+00 0.000000000000000000e+00 -1.891814007796285835e-01 9.819421525958730301e-01
1.632726395000000000e+09 8.738149414062500000e+02 -1.469609375000000000e+02 0.000000000000000000e+00 0.000000000000000000e+00 0.000000000000000000e+00 -1.889496314711589520e-01 9.819867818228302792e-01
1.632726398000000000e+09 8.755477905273437500e+02 -1.479677734375000000e+02 0.000000000000000000e+00 0.000000000000000000e+00 0.000000000000000000e+00 -1.886650701731097390e-01 9.820414843818801032e-01
1.632726398000000000e+09 8.755477905273437500e+02 -1.479677734375000000e+02 0.000000000000000000e+00 0.000000000000000000e+00 0.000000000000000000e+00 -1.886650701731097390e-01 9.820414843818801032e-01
1.632726399000000000e+09 8.770211791992187500e+02 -1.486242980957031250e+02 0.000000000000000000e+00 0.000000000000000000e+00 0.000000000000000000e+00 -1.887549396974787241e-01 9.820242166077624013e-01
1.632726400000000000e+09 8.790219726562500000e+02 -1.495234222412109375e+02 0.000000000000000000e+00 0.000000000000000000e+00 0.000000000000000000e+00 -1.888149060548821867e-01 9.820126995316288410e-01
1.632726401000000000e+09 8.812849121093750000e+02 -1.505593719482421875e+02 0.000000000000000000e+00 0.000000000000000000e+00 0.000000000000000000e+00 -1.887870029703242192e-01 9.820180559751434668e-01
1.632726402000000000e+09 8.837706298828125000e+02 -1.516843872070312500e+02 0.000000000000000000e+00 0.000000000000000000e+00 0.000000000000000000e+00 -1.888352001978040040e-01 9.820087997795862167e-01
1.632726403000000000e+09 8.864303588867187500e+02 -1.529249420166015625e+02 0.000000000000000000e+00 0.000000000000000000e+00 0.000000000000000000e+00 -1.887520701314172045e-01 9.820247780428036366e-01
1.632726404000000000e+09 8.890064086914062500e+02 -1.541275329589843750e+02 0.000000000000000000e+00 0.000000000000000000e+00 0.000000000000000000e+00 -1.886233334191420863e-01 9.820495112139253635e-01
1.632726405000000000e+09 8.918062133789062500e+02 -1.554372558593750000e+02 0.000000000000000000e+00 0.000000000000000000e+00 0.000000000000000000e+00 -1.884638100302542807e-01 9.820801309272517710e-01
1.632726405000000000e+09 8.918062133789062500e+02 -1.554372558593750000e+02 0.000000000000000000e+00 0.000000000000000000e+00 0.000000000000000000e+00 -1.884638100302542807e-01 9.820801309272517710e-01
