1.632726231000000000e+09 5.300302734375000000e+02 -3.550565719604492188e+01 0.000000000000000000e+00 0.000000000000000000e+00 0.000000000000000000e+00 -6.009037246797520326e-02 9.981929425814964896e-01
1.632726232000000000e+09 5.330262451171875000e+02 -3.575799942016601562e+01 0.000000000000000000e+00 0.000000000000000000e+00 0.000000000000000000e+00 -6.009037246797520326e-02 9.981929425814964896e-01
1.632726233000000000e+09 5.361295776367187500e+02 -3.609626388549804688e+01 0.000000000000000000e+00 0.000000000000000000e+00 0.000000000000000000e+00 -6.104853825984994653e-02 9.981347957935374771e-01
1.632726234000000000e+09 5.386932373046875000e+02 -3.632020187377929688e+01 0.000000000000000000e+00 0.000000000000000000e+00 0.000000000000000000e+00 -6.181293537497360713e-02 9.980877533844221272e-01
1.632726235000000000e+09 5.417278442382812500e+02 -3.678397369384765625e+01 0.000000000000000000e+00 0.000000000000000000e+00 0.000000000000000000e+00 -6.252678926506273493e-02 9.980432917162924689e-01
1.632726236000000000e+09 5.447617797851562500e+02 -3.723905563354492188e+01 0.000000000000000000e+00 0.000000000000000000e+00 0.000000000000000000e+00 -6.322297576781245321e-02 9.979994253088112499e-01
1.632726237000000000e+09 5.477826538085937500e+02 -3.768146133422851562e+01 0.000000000000000000e+00 0.000000000000000000e+00 0.000000000000000000e+00 -6.397188450509787294e-02 9.979517045901401540e-01
1.632726238000000000e+09 5.508044433593750000e+02 -3.812841033935546875e+01 0.000000000000000000e+00 0.000000000000000000e+00 0.000000000000000000e+00 -6.465744901088499308e-02 9.979075205761409606e-01
1.632726239000000000e+09 5.538309326171875000e+02 -3.857935333251953125e+01 0.000000000000000000e+00 0.000000000000000000e+00 0.000000000000000000e+00 -6.536524175220416455e-02 9.978614082380820038e-01
1.632726240000000000e+09 5.568665161132812500e+02 -3.902535629272460938e+01 0.000000000000000000e+00 0.000000000000000000e+00 0.000000000000000000e+00 -6.612788999146849978e-02 9.978111571014093295e-01
1.632726241000000000e+09 5.598869018554687500e+02 -3.946884536743164062e+01 0.000000000000000000e+00 0.000000000000000000e+00 0.000000000000000000e+00 -6.695235145024740209e-02 9.977561691540783873e-01
1.632726242000000000e+09 5.629014892578125000e+02 -3.991043472290039062e+01 0.000000000000000000e+00 0.000000000000000000e+00 0.000000000000000000e+00 -6.786078238434106735e-02 9.976948006992574225e-01
1.632726243000000000e+09 5.659093627929687500e+02 -4.035199356079101562e+01 0.000000000000000000e+00 0.000000000000000000e+00 0.000000000000000000e+00 -6.882243605503433892e-02 9.976289325699215782e-01
1.632726244000000000e+09 5.689333496093750000e+02 -4.080650711059570312e+01 0.000000000000000000e+00 0.000000000000000000e+00 0.000000000000000000e+00 -6.977558473721193200e-02 9.975627165273652786e-01
1.632726245000000000e+09 5.718591308593750000e+02 -4.123968505859375000e+01 0.000000000000000000e+00 0.000000000000000000e+00 0.000000000000000000e+00 -7.072644837311484189e-02 9.974957491609638405e-01
1.632726246000000000e+09 5.747998657226562500e+02 -4.168966293334960938e+01 0.000000000000000000e+00 0.000000000000000000e+00 0.000000000000000000e+00 -7.159513721071440739e-02 9.974337820431631307e-01
1.632726247000000000e+09 5.777689208984375000e+02 -4.214281845092773438e+01 0.000000000000000000e+00 0.000000000000000000e+00 0.000000000000000000e+00 -7.262982720050359386e-02 9.973589622249406927e-01
1.632726248000000000e+09 5.807258911132812500e+02 -4.261515808105468750e+01 0.000000000000000000e+00 0.000000000000000000e+00 0.000000000000000000e+00 -7.343329571122497734e-02 9.973001243281021111e-01
1.632726249000000000e+09 5.836959228515625000e+02 -4.309601593017578125e+01 0.000000000000000000e+00 0.000000000000000000e+00 0.000000000000000000e+00 -7.432666443929725197e-02 9.972339462227470808e-01
1.632726250000000000e+09 5.866887817382812500e+02 -4.357271575927734375e+01 0.000000000000000000e+00 0.000000000000000000e+00 0.000000000000000000e+00 -7.541841392820555767e-02 9.971519683370103637e-01
1.632726251000000000e+09 5.896754150390625000e+02 -4.404875183105468750e+01 0.000000000000000000e+00 0.000000000000000000e+00 0.000000000000000000e+00 -7.655165756039775116e-02 9.970656197761599282e-01
1.632726252000000000e+09 5.926784667968750000e+02 -4.453642654418945312e+01 0.000000000000000000e+00 0.000000000000000000e+00 0.000000000000000000e+00 -7.773875076497936687e-02 9.969737634793721659e-01
1.632726253000000000e+09 5.956907348632812500e+02 -4.503084182739257812e+01 0.000000000000000000e+00 0.000000000000000000e+00 0.000000000000000000e+00 -7.896121064647239340e-02 9.968776834386027241e-01
1.632726254000000000e+09 5.987004394531250000e+02 -4.552461624145507812e+01 0.000000000000000000e+00 0.000000000000000000e+00 0.000000000000000000e+00 -8.032521441915237148e-02 9.967687077791460570e-01
1.632726256000000000e+09 6.042135009765625000e+02 -4.641105651855468750e+01 0.000000000000000000e+00 0.000000000000000000e+00 0.000000000000000000e+00 -8.267873711149192895e-02 9.965762447056482065e-01
1.632726256000000000e+09 6.042135009765625000e+02 -4.641105651855468750e+01 0.000000000000000000e+00 0.000000000000000000e+00 0.000000000000000000e+00 -8.267873711149192895e-02 9.965762447056482065e-01
1.632726258000000000e+09 6.102364501953125000e+02 -4.743646621704101562e+01 0.000000000000000000e+00 0.000000000000000000e+00 0.000000000000000000e+00 -8.554419903706420025e-02 9.963343759749100359e-01
1.632726258000000000e+09 6.102364501953125000e+02 -4.743646621704101562e+01 0.000000000000000000e+00 0.000000000000000000e+00 0.000000000000000000e+00 -8.554419903706420025e-02 9.963343759749100359e-01
1.632726259000000000e+09 6.132295532226562500e+02 -4.795335769653320312e+01 0.000000000000000000e+00 0.000000000000000000e+00 0.000000000000000000e+00 -8.706510042708351382e-02 9.962026199982613184e-01
1.632726260000000000e+09 6.162343750000000000e+02 -4.847580718994140625e+01 0.000000000000000000e+00 0.000000000000000000e+00 0.000000000000000000e+00 -8.871632282213215426e-02 9.960569337511115950e-01
1.632726261000000000e+09 6.192254028320312500e+02 -4.900019454956054688e+01 0.000000000000000000e+00 0.000000000000000000e+00 0.000000000000000000e+00 -9.041509953984365466e-02 9.959041639433814375e-01
1.632726262000000000e+09 6.222105712890625000e+02 -4.952979660034179688e+01 0.000000000000000000e+00 0.000000000000000000e+00 0.000000000000000000e+00 -9.217410740414047621e-02 9.957429006181230946e-01
1.632726263000000000e+09 6.252006835937500000e+02 -5.006770324707031250e+01 0.000000000000000000e+00 0.000000000000000000e+00 0.000000000000000000e+00 -9.395263081235830094e-02 9.955766719528100772e-01
1.632726264000000000e+09 6.281919555664062500e+02 -5.061494827270507812e+01 0.000000000000000000e+00 0.000000000000000000e+00 0.000000000000000000e+00 -9.574371599225658946e-02 9.954060143775961267e-01
1.632726265000000000e+09 6.310891723632812500e+02 -5.114428329467773438e+01 0.000000000000000000e+00 0.000000000000000000e+00 0.000000000000000000e+00 -9.755693662946156308e-02 9.952299523968377581e-01
1.632726266000000000e+09 6.340195312500000000e+02 -5.169049835205078125e+01 0.000000000000000000e+00 0.000000000000000000e+00 0.000000000000000000e+00 -9.940388462905608291e-02 9.950471653134966843e-01
1.632726267000000000e+09 6.369511108398437500e+02 -5.223278808593750000e+01 0.000000000000000000e+00 0.000000000000000000e+00 0.000000000000000000e+00 -1.013185127044931994e-01 9.948540396717681089e-01
1.632726268000000000e+09 6.398978271484375000e+02 -5.278691482543945312e+01 0.000000000000000000e+00 0.000000000000000000e+00 0.000000000000000000e+00 -1.032640880712992898e-01 9.946539701993984961e-01
1.632726269000000000e+09 6.428505249023437500e+02 -5.335663986206054688e+01 0.000000000000000000e+00 0.000000000000000000e+00 0.000000000000000000e+00 -1.051710267940819260e-01 9.944541451770118057e-01
1.632726270000000000e+09 6.458044433593750000e+02 -5.393129348754882812e+01 0.000000000000000000e+00 0.000000000000000000e+00 0.000000000000000000e+00 -1.071110852772096111e-01 9.942470561015837038e-01
1.632726271000000000e+09 6.483153686523437500e+02 -5.438178253173828125e+01 0.000000000000000000e+00 0.000000000000000000e+00 0.000000000000000000e+00 -1.088033147277428225e-01 9.940632938068845181e-01
1.632726272000000000e+09 6.512848510742187500e+02 -5.500538635253906250e+01 0.000000000000000000e+00 0.000000000000000000e+00 0.000000000000000000e+00 -1.107711655147969876e-01 9.938459428021103603e-01
1.632726273000000000e+09 6.542559204101562500e+02 -5.565343475341796875e+01 0.000000000000000000e+00 0.000000000000000000e+00 0.000000000000000000e+00 -1.128311568914204949e-01 9.936141772989108834e-01
1.632726274000000000e+09 6.572144165039062500e+02 -5.632204055786132812e+01 0.000000000000000000e+00 0.000000000000000000e+00 0.000000000000000000e+00 -1.148415761011361835e-01 9.933838127631428039e-01
1.632726275000000000e+09 6.601739501953125000e+02 -5.700966262817382812e+01 0.000000000000000000e+00 0.000000000000000000e+00 0.000000000000000000e+00 -1.169205961255197074e-01 9.931412715791227974e-01
1.632726276000000000e+09 6.631253662109375000e+02 -5.772402954101562500e+01 0.000000000000000000e+00 0.000000000000000000e+00 0.000000000000000000e+00 -1.189242233213834016e-01 9.929033385430918734e-01
1.632726277000000000e+09 6.659972534179687500e+02 -5.843524169921875000e+01 0.000000000000000000e+00 0.000000000000000000e+00 0.000000000000000000e+00 -1.207279776645301950e-01 9.926856284865739344e-01
1.632726278000000000e+09 6.689335327148437500e+02 -5.917853164672851562e+01 0.000000000000000000e+00 0.000000000000000000e+00 0.000000000000000000e+00 -1.227752253290957940e-01 9.924345084473862322e-01
1.632726279000000000e+09 6.718570556640625000e+02 -5.994577789306640625e+01 0.000000000000000000e+00 0.000000000000000000e+00 0.000000000000000000e+00 -1.246708139618236261e-01 9.921981630728536894e-01
1.632726280000000000e+09 6.747692260742187500e+02 -6.072379684448242188e+01 0.000000000000000000e+00 0.000000000000000000e+00 0.000000000000000000e+00 -1.266490627030713301e-01 9.919475806012892916e-01
1.632726281000000000e+09 6.776687622070312500e+02 -6.151552963256835938e+01 0.000000000000000000e+00 0.000000000000000000e+00 0.000000000000000000e+00 -1.285772211715852653e-01 9.916995042418271789e-01
1.632726282000000000e+09 6.806428222656250000e+02 -6.218343734741210938e+01 0.000000000000000000e+00 0.000000000000000000e+00 0.000000000000000000e+00 -1.307428220258143592e-01 9.914163160602169622e-01
1.632726283000000000e+09 6.836029052734375000e+02 -6.287418746948242188e+01 0.000000000000000000e+00 0.000000000000000000e+00 0.000000000000000000e+00 -1.328089285650252971e-01 9.911416616801386192e-01
1.632726284000000000e+09 6.865653076171875000e+02 -6.357442474365234375e+01 0.000000000000000000e+00 0.000000000000000000e+00 0.000000000000000000e+00 -1.349315426244288019e-01 9.908549303669308417e-01
1.632726285000000000e+09 6.894278564453125000e+02 -6.426721954345703125e+01 0.000000000000000000e+00 0.000000000000000000e+00 0.000000000000000000e+00 -1.368440437042201807e-01 9.905926058313233584e-01
1.632726286000000000e+09 6.923160400390625000e+02 -6.498633575439453125e+01 0.000000000000000000e+00 0.000000000000000000e+00 0.000000000000000000e+00 -1.387288312820545710e-01 9.903304074161910497e-01
1.632726287000000000e+09 6.952293090820312500e+02 -6.573596954345703125e+01 0.000000000000000000e+00 0.000000000000000000e+00 0.000000000000000000e+00 -1.405582274578707214e-01 9.900724139365283394e-01
1.632726288000000000e+09 6.981470336914062500e+02 -6.649457550048828125e+01 0.000000000000000000e+00 0.000000000000000000e+00 0.000000000000000000e+00 -1.424272434284430122e-01 9.898052753055470721e-01
1.632726289000000000e+09 7.010685424804687500e+02 -6.725451660156250000e+01 0.000000000000000000e+00 0.000000000000000000e+00 0.000000000000000000e+00 -1.444305816100639739e-01 9.895149341167559509e-01
1.632726290000000000e+09 7.039906005859375000e+02 -6.802256774902343750e+01 0.000000000000000000e+00 0.000000000000000000e+00 0.000000000000000000e+00 -1.464190538130511199e-01 9.892226549022380411e-01
1.632726291000000000e+09 7.069156494140625000e+02 -6.880672454833984375e+01 0.000000000000000000e+00 0.000000000000000000e+00 0.000000000000000000e+00 -1.483585937528057730e-01 9.889336343856177658e-01
1.632726292000000000e+09 7.098646850585937500e+02 -6.959140777587890625e+01 0.000000000000000000e+00 0.000000000000000000e+00 0.000000000000000000e+00 -1.505049457911713795e-01 9.886092595318304310e-01
1.632726293000000000e+09 7.128076171875000000e+02 -7.039021301269531250e+01 0.000000000000000000e+00 0.000000000000000000e+00 0.000000000000000000e+00 -1.525780891672419703e-01 9.882914124218887819e-01
1.632726294000000000e+09 7.157436523437500000e+02 -7.119210815429687500e+01 0.000000000000000000e+00 0.000000000000000000e+00 0.000000000000000000e+00 -1.546868480285364389e-01 9.879635537689742675e-01
1.632726295000000000e+09 7.186727294921875000e+02 -7.200749206542968750e+01 0.000000000000000000e+00 0.000000000000000000e+00 0.000000000000000000e+00 -1.567664524537707438e-01 9.876357069807516487e-01
1.632726296000000000e+09 7.216074218750000000e+02 -7.284077453613281250e+01 0.000000000000000000e+00 0.000000000000000000e+00 0.000000000000000000e+00 -1.587567590145343155e-01 9.873177275659622554e-01
1.632726297000000000e+09 7.245531005859375000e+02 -7.369014739990234375e+01 0.000000000000000000e+00 0.000000000000000000e+00 0.000000000000000000e+00 -1.607224272943791610e-01 9.869996457084785346e-01
1.632726298000000000e+09 7.274805297851562500e+02 -7.455708312988281250e+01 0.000000000000000000e+00 0.000000000000000000e+00 0.000000000000000000e+00 -1.625165389223977574e-01 9.867058210213011105e-01
1.632726299000000000e+09 7.304055786132812500e+02 -7.542694854736328125e+01 0.000000000000000000e+00 0.000000000000000000e+00 0.000000000000000000e+00 -1.642735276657234789e-01 9.864148243483562561e-01
1.632726300000000000e+09 7.333233032226562500e+02 -7.630652618408203125e+01 0.000000000000000000e+00 0.000000000000000000e+00 0.000000000000000000e+00 -1.659193778306152778e-01 9.861393209610186394e-01
1.632726301000000000e+09 7.362439575195312500e+02 -7.719252777099609375e+01 0.000000000000000000e+00 0.000000000000000000e+00 0.000000000000000000e+00 -1.675897983897914612e-01 9.858568179675311072e-01
1.632726302000000000e+09 7.391652832031250000e+02 -7.808190155029296875e+01 0.000000000000000000e+00 0.000000000000000000e+00 0.000000000000000000e+00 -1.692469837045621761e-01 9.855736745848806546e-01
1.632726303000000000e+09 7.415715942382812500e+02 -7.893260955810546875e+01 0.000000000000000000e+00 0.000000000000000000e+00 0.000000000000000000e+00 -1.688599409253770389e-01 9.856400610934747952e-01
1.632726304000000000e+09 7.444672851562500000e+02 -7.988042449951171875e+01 0.000000000000000000e+00 0.000000000000000000e+00 0.000000000000000000e+00 -1.702830416327654750e-01 9.853951904800833939e-01
1.632726306000000000e+09 7.501644897460937500e+02 -8.182967376708984375e+01 0.000000000000000000e+00 0.000000000000000000e+00 0.000000000000000000e+00 -1.730676074213641780e-01 9.849099416275379770e-01
1.632726306000000000e+09 7.501644897460937500e+02 -8.182967376708984375e+01 0.000000000000000000e+00 0.000000000000000000e+00 0.000000000000000000e+00 -1.730676074213641780e-01 9.849099416275379770e-01
1.632726307000000000e+09 7.530263671875000000e+02 -8.284890747070312500e+01 0.000000000000000000e+00 0.000000000000000000e+00 0.000000000000000000e+00 -1.744051077591507182e-01 9.846739844747837145e-01
1.632726308000000000e+09 7.558529663085937500e+02 -8.389302062988281250e+01 0.000000000000000000e+00 0.000000000000000000e+00 0.000000000000000000e+00 -1.754621452424808548e-01 9.844861800365394267e-01
1.632726309000000000e+09 7.586842651367187500e+02 -8.495014953613281250e+01 0.000000000000000000e+00 0.000000000000000000e+00 0.000000000000000000e+00 -1.766305351715331540e-01 9.842772208197738681e-01
1.632726309000000000e+09 7.586842651367187500e+02 -8.495014953613281250e+01 0.000000000000000000e+00 0.000000000000000000e+00 0.000000000000000000e+00 -1.766305351715331540e-01 9.842772208197738681e-01
1.632726312000000000e+09 7.659753417968750000e+02 -8.754375457763671875e+01 0.000000000000000000e+00 0.000000000000000000e+00 0.000000000000000000e+00 -1.779340924401784096e-01 9.840424142327959256e-01
1.632726313000000000e+09 7.685772094726562500e+02 -8.873722076416015625e+01 0.000000000000000000e+00 0.000000000000000000e+00 0.000000000000000000e+00 -1.784541726245444937e-01 9.839482214851846820e-01
1.632726314000000000e+09 7.712133178710937500e+02 -8.992281341552734375e+01 0.000000000000000000e+00 0.000000000000000000e+00 0.000000000000000000e+00 -1.792657839161350408e-01 9.838006751060689448e-01
1.632726315000000000e+09 7.738415527343750000e+02 -9.114905548095703125e+01 0.000000000000000000e+00 0.000000000000000000e+00 0.000000000000000000e+00 -1.795803995256343988e-01 9.837432983974795375e-01
1.632726315000000000e+09 7.738415527343750000e+02 -9.114905548095703125e+01 0.000000000000000000e+00 0.000000000000000000e+00 0.000000000000000000e+00 -1.795803995256343988e-01 9.837432983974795375e-01
1.632726317000000000e+09 7.788668823242187500e+02 -9.301544952392578125e+01 0.000000000000000000e+00 0.000000000000000000e+00 0.000000000000000000e+00 -1.803248977810752440e-01 9.836070986229027424e-01
1.632726318000000000e+09 7.816674804687500000e+02 -9.409145355224609375e+01 0.000000000000000000e+00 0.000000000000000000e+00 0.000000000000000000e+00 -1.810089798639328562e-01 9.834814405973715257e-01
1.632726319000000000e+09 7.844740600585937500e+02 -9.515834808349609375e+01 0.000000000000000000e+00 0.000000000000000000e+00 0.000000000000000000e+00 -1.819409103464371402e-01 9.833094718564970860e-01
1.632726320000000000e+09 7.872563476562500000e+02 -9.622497558593750000e+01 0.000000000000000000e+00 0.000000000000000000e+00 0.000000000000000000e+00 -1.828064134971146282e-01 9.831489314654471290e-01
1.632726321000000000e+09 7.900332641601562500e+02 -9.730086517333984375e+01 0.000000000000000000e+00 0.000000000000000000e+00 0.000000000000000000e+00 -1.835442259838165890e-01 9.830114518038912674e-01
1.632726322000000000e+09 7.927982177734375000e+02 -9.838475036621093750e+01 0.000000000000000000e+00 0.000000000000000000e+00 0.000000000000000000e+00 -1.841078455254617496e-01 9.829060478143536450e-01
1.632726323000000000e+09 7.955708618164062500e+02 -9.946643829345703125e+01 0.000000000000000000e+00 0.000000000000000000e+00 0.000000000000000000e+00 -1.846750511007080875e-01 9.827996318320398883e-01
1.632726324000000000e+09 7.983334960937500000e+02 -1.005565795898437500e+02 0.000000000000000000e+00 0.000000000000000000e+00 0.000000000000000000e+00 -1.851238910308410091e-01 9.827151912918696830e-01
1.632726325000000000e+09 8.006431274414062500e+02 -1.015831909179687500e+02 0.000000000000000000e+00 0.000000000000000000e+00 0.000000000000000000e+00 -1.841179485843167651e-01 9.829041527736740447e-01
1.632726326000000000e+09 8.033880004882812500e+02 -1.026844329833984375e+02 0.000000000000000000e+00 0.000000000000000000e+00 0.000000000000000000e+00 -1.845931820210521546e-01 9.828150210931946296e-01
1.632726327000000000e+09 8.061535644531250000e+02 -1.038125000000000000e+02 0.000000000000000000e+00 0.000000000000000000e+00 0.000000000000000000e+00 -1.849837261934034471e-01 9.827415901645218943e-01
1.632726328000000000e+09 8.088555908203125000e+02 -1.049893417358398438e+02 0.000000000000000000e+00 0.000000000000000000e+00 0.000000000000000000e+00 -1.846881909198355709e-01 9.827971604306984243e-01
1.632726329000000000e+09 8.116276245117187500e+02 -1.061529769897460938e+02 0.000000000000000000e+00 0.000000000000000000e+00 0.000000000000000000e+00 -1.848795233903179347e-01 9.827611955312136605e-01
1.632726330000000000e+09 8.144052734375000000e+02 -1.073164138793945312e+02 0.000000000000000000e+00 0.000000000000000000e+00 0.000000000000000000e+00 -1.851155271215346731e-01 9.827167682691408945e-01
1.632726331000000000e+09 8.171947631835937500e+02 -1.084825286865234375e+02 0.000000000000000000e+00 0.000000000000000000e+00 0.000000000000000000e+00 -1.854241928136295126e-01 9.826585700659310474e-01
1.632726332000000000e+09 8.199888305664062500e+02 -1.096583786010742188e+02 0.000000000000000000e+00 0.000000000000000000e+00 0.000000000000000000e+00 -1.857471172214705535e-01 9.825975780467693932e-01
1.632726333000000000e+09 8.227830200195312500e+02 -1.108497543334960938e+02 0.000000000000000000e+00 0.000000000000000000e+00 0.000000000000000000e+00 -1.859359624170379421e-01 9.825618636575277343e-01
1.632726334000000000e+09 8.255703735351562500e+02 -1.120627899169921875e+02 0.000000000000000000e+00 0.000000000000000000e+00 0.000000000000000000e+00 -1.859562370631493156e-01 9.825580267478303265e-01
1.632726335000000000e+09 8.282959594726562500e+02 -1.133038558959960938e+02 0.000000000000000000e+00 0.000000000000000000e+00 0.000000000000000000e+00 -1.854649644630993466e-01 9.826508818225168085e-01
1.632726336000000000e+09 8.310904541015625000e+02 -1.145283737182617188e+02 0.000000000000000000e+00 0.000000000000000000e+00 0.000000000000000000e+00 -1.856024187473505893e-01 9.826249202878186706e-01
1.632726337000000000e+09 8.338895874023437500e+02 -1.157627563476562500e+02 0.000000000000000000e+00 0.000000000000000000e+00 0.000000000000000000e+00 -1.857046857006157958e-01 9.826056003361267610e-01
1.632726338000000000e+09 8.366944580078125000e+02 -1.170014266967773438e+02 0.000000000000000000e+00 0.000000000000000000e+00 0.000000000000000000e+00 -1.858740557350170297e-01 9.825735714474704841e-01
1.632726339000000000e+09 8.395032348632812500e+02 -1.182456207275390625e+02 0.000000000000000000e+00 0.000000000000000000e+00 0.000000000000000000e+00 -1.860386448474105892e-01 9.825424211385750395e-01
1.632726340000000000e+09 8.423208007812500000e+02 -1.194898147583007812e+02 0.000000000000000000e+00 0.000000000000000000e+00 0.000000000000000000e+00 -1.863243226644965833e-01 9.824882924738855827e-01
1.632726341000000000e+09 8.451345825195312500e+02 -1.207515335083007812e+02 0.000000000000000000e+00 0.000000000000000000e+00 0.000000000000000000e+00 -1.863866879714110303e-01 9.824764623321969870e-01
1.632726342000000000e+09 8.479481201171875000e+02 -1.220204620361328125e+02 0.000000000000000000e+00 0.000000000000000000e+00 0.000000000000000000e+00 -1.863790890039211112e-01 9.824779031904055104e-01
1.632726343000000000e+09 8.507641601562500000e+02 -1.232903442382812500e+02 0.000000000000000000e+00 0.000000000000000000e+00 0.000000000000000000e+00 -1.865167274793852470e-01 9.824517854115102367e-01
1.632726344000000000e+09 8.535464477539062500e+02 -1.245585708618164062e+02 0.000000000000000000e+00 0.000000000000000000e+00 0.000000000000000000e+00 -1.865462137405735077e-01 9.824461886542708022e-01
1.632726345000000000e+09 8.563768310546875000e+02 -1.258241500854492188e+02 0.000000000000000000e+00 0.000000000000000000e+00 0.000000000000000000e+00 -1.868238924277783042e-01 9.823934198281848440e-01
1.632726346000000000e+09 8.592088623046875000e+02 -1.270924530029296875e+02 0.000000000000000000e+00 0.000000000000000000e+00 0.000000000000000000e+00 -1.871161153771603025e-01 9.823377963844822647e-01
1.632726347000000000e+09 8.620447387695312500e+02 -1.283701171875000000e+02 0.000000000000000000e+00 0.000000000000000000e+00 0.000000000000000000e+00 -1.873368836992158060e-01 9.822957316233943414e-01
1.632726348000000000e+09 8.648841552734375000e+02 -1.296472625732421875e+02 0.000000000000000000e+00 0.000000000000000000e+00 0.000000000000000000e+00 -1.875894584775455176e-01 9.822475210378448507e-01
1.632726349000000000e+09 8.677219848632812500e+02 -1.309312133789062500e+02 0.000000000000000000e+00 0.000000000000000000e+00 0.000000000000000000e+00 -1.877450536241782320e-01 9.822178016282508972e-01
1.632726350000000000e+09 8.705544433593750000e+02 -1.322213897705078125e+02 0.000000000000000000e+00 0.000000000000000000e+00 0.000000000000000000e+00 -1.876559796109706635e-01 9.822348232684243730e-01
1.632726351000000000e+09 8.733951416015625000e+02 -1.334965209960937500e+02 0.000000000000000000e+00 0.000000000000000000e+00 0.000000000000000000e+00 -1.877883270306463515e-01 9.822095182634966726e-01
1.632726352000000000e+09 8.762138671875000000e+02 -1.347852935791015625e+02 0.000000000000000000e+00 0.000000000000000000e+00 0.000000000000000000e+00 -1.873586107215473029e-01 9.822915751085342650e-01
1.632726353000000000e+09 8.790352172851562500e+02 -1.360589294433593750e+02 0.000000000000000000e+00 0.000000000000000000e+00 0.000000000000000000e+00 -1.873693471570968827e-01 9.822895271841611819e-01
1.632726354000000000e+09 8.818540039062500000e+02 -1.373174743652343750e+02 0.000000000000000000e+00 0.000000000000000000e+00 0.000000000000000000e+00 -1.877158626427201660e-01 9.822233693451557501e-01
1.632726355000000000e+09 8.846550292968750000e+02 -1.385341644287109375e+02 0.000000000000000000e+00 0.000000000000000000e+00 0.000000000000000000e+00 -1.879605407368999392e-01 9.821765813363229070e-01
1.632726356000000000e+09 8.874639282226562500e+02 -1.397576293945312500e+02 0.000000000000000000e+00 0.000000000000000000e+00 0.000000000000000000e+00 -1.882084078675038408e-01 9.821291083451072490e-01
1.632726358000000000e+09 8.930714721679687500e+02 -1.422060089111328125e+02 0.000000000000000000e+00 0.000000000000000000e+00 0.000000000000000000e+00 -1.887531427893876790e-01 9.820245656079609198e-01
1.632726358000000000e+09 8.930714721679687500e+02 -1.422060089111328125e+02 0.000000000000000000e+00 0.000000000000000000e+00 0.000000000000000000e+00 -1.887531427893876790e-01 9.820245656079609198e-01
1.632726359000000000e+09 8.958801269531250000e+02 -1.434478302001953125e+02 0.000000000000000000e+00 0.000000000000000000e+00 0.000000000000000000e+00 -1.889092930444539464e-01 9.819945359631585546e-01
1.632726360000000000e+09 8.986785888671875000e+02 -1.446826934814453125e+02 0.000000000000000000e+00 0.000000000000000000e+00 0.000000000000000000e+00 -1.891087485828378822e-01 9.819561440236820316e-01
1.632726361000000000e+09 9.014784545898437500e+02 -1.459242553710937500e+02 0.000000000000000000e+00 0.000000000000000000e+00 0.000000000000000000e+00 -1.892526699269672097e-01 9.819284189506156668e-01
1.632726362000000000e+09 9.042709960937500000e+02 -1.471682739257812500e+02 0.000000000000000000e+00 0.000000000000000000e+00 0.000000000000000000e+00 -1.893667350296159846e-01 9.819064295429152933e-01
1.632726363000000000e+09 9.066324462890625000e+02 -1.482299652099609375e+02 0.000000000000000000e+00 0.000000000000000000e+00 0.000000000000000000e+00 -1.894812023102298570e-01 9.818843485862487341e-01
1.632726364000000000e+09 9.093841552734375000e+02 -1.494439086914062500e+02 0.000000000000000000e+00 0.000000000000000000e+00 0.000000000000000000e+00 -1.897293500523604126e-01 9.818364213373537153e-01
1.632726365000000000e+09 9.121417236328125000e+02 -1.506679840087890625e+02 0.000000000000000000e+00 0.000000000000000000e+00 0.000000000000000000e+00 -1.898993721704445026e-01 9.818035629577702705e-01
1.632726366000000000e+09 9.149082031250000000e+02 -1.518967742919921875e+02 0.000000000000000000e+00 0.000000000000000000e+00 0.000000000000000000e+00 -1.900641484299163408e-01 9.817716748599114585e-01
1.632726367000000000e+09 9.176767578125000000e+02 -1.531391601562500000e+02 0.000000000000000000e+00 0.000000000000000000e+00 0.000000000000000000e+00 -1.901161868506086317e-01 9.817615967306779767e-01
1.632726368000000000e+09 9.204441528320312500e+02 -1.543848724365234375e+02 0.000000000000000000e+00 0.000000000000000000e+00 0.000000000000000000e+00 -1.901262011060992074e-01 9.817596539468835815e-01
1.632726369000000000e+09 9.232106323242187500e+02 -1.556344909667968750e+02 0.000000000000000000e+00 0.000000000000000000e+00 0.000000000000000000e+00 -1.900916197082745951e-01 9.817663474279803015e-01
1.632726370000000000e+09 9.259705200195312500e+02 -1.568868560791015625e+02 0.000000000000000000e+00 0.000000000000000000e+00 0.000000000000000000e+00 -1.900144455178376102e-01 9.817812975554329746e-01
1.632726371000000000e+09 9.287271728515625000e+02 -1.581395263671875000e+02 0.000000000000000000e+00 0.000000000000000000e+00 0.000000000000000000e+00 -1.899410783003030734e-01 9.817954885825570521e-01
1.632726372000000000e+09 9.314784545898437500e+02 -1.593887481689453125e+02 0.000000000000000000e+00 0.000000000000000000e+00 0.000000000000000000e+00 -1.898531284183001822e-01 9.818125023671570029e-01
1.632726373000000000e+09 9.342409667968750000e+02 -1.606246948242187500e+02 0.000000000000000000e+00 0.000000000000000000e+00 0.000000000000000000e+00 -1.899773736357089071e-01 9.817884765712616701e-01
1.632726374000000000e+09 9.370046386718750000e+02 -1.618669586181640625e+02 0.000000000000000000e+00 0.000000000000000000e+00 0.000000000000000000e+00 -1.900133116002752087e-01 9.817815100429132524e-01
1.632726375000000000e+09 9.397570190429687500e+02 -1.631054992675781250e+02 0.000000000000000000e+00 0.000000000000000000e+00 0.000000000000000000e+00 -1.899784012941577449e-01 9.817882640852891862e-01
1.632726376000000000e+09 9.425283813476562500e+02 -1.643598327636718750e+02 0.000000000000000000e+00 0.000000000000000000e+00 0.000000000000000000e+00 -1.898332323674488120e-01 9.818163421903419730e-01
1.632726377000000000e+09 9.449183959960937500e+02 -1.654487762451171875e+02 0.000000000000000000e+00 0.000000000000000000e+00 0.000000000000000000e+00 -1.897735877634294521e-01 9.818278767467530921e-01
1.632726378000000000e+09 9.477150268554687500e+02 -1.667080230712890625e+02 0.000000000000000000e+00 0.000000000000000000e+00 0.000000000000000000e+00 -1.897111404840133575e-01 9.818399423548298532e-01
1.632726379000000000e+09 9.505089721679687500e+02 -1.679699401855468750e+02 0.000000000000000000e+00 0.000000000000000000e+00 0.000000000000000000e+00 -1.896918912675457092e-01 9.818436606569910241e-01
1.632726380000000000e+09 9.532995605468750000e+02 -1.692372589111328125e+02 0.000000000000000000e+00 0.000000000000000000e+00 0.000000000000000000e+00 -1.896255053494667608e-01 9.818564848972267667e-01
1.632726381000000000e+09 9.560848388671875000e+02 -1.705111999511718750e+02 0.000000000000000000e+00 0.000000000000000000e+00 0.000000000000000000e+00 -1.895438773379369557e-01 9.818722531713068857e-01
1.632726382000000000e+09 9.588569335937500000e+02 -1.717797241210937500e+02 0.000000000000000000e+00 0.000000000000000000e+00 0.000000000000000000e+00 -1.895297520954673798e-01 9.818749848966153992e-01
1.632726383000000000e+09 9.616347656250000000e+02 -1.730454406738281250e+02 0.000000000000000000e+00 0.000000000000000000e+00 0.000000000000000000e+00 -1.895954897875457568e-01 9.818622823094338425e-01
1.632726384000000000e+09 9.643267822265625000e+02 -1.742785949707031250e+02 0.000000000000000000e+00 0.000000000000000000e+00 0.000000000000000000e+00 -1.896275696808607247e-01 9.818560903077171442e-01
1.632726385000000000e+09 9.670335083007812500e+02 -1.755038604736328125e+02 0.000000000000000000e+00 0.000000000000000000e+00 0.000000000000000000e+00 -1.898260264536641428e-01 9.818177384859586576e-01
1.632726386000000000e+09 9.697404174804687500e+02 -1.767401580810546875e+02 0.000000000000000000e+00 0.000000000000000000e+00 0.000000000000000000e+00 -1.899746147720765832e-01 9.817890077859918740e-01
1.632726387000000000e+09 9.724566040039062500e+02 -1.779779205322265625e+02 0.000000000000000000e+00 0.000000000000000000e+00 0.000000000000000000e+00 -1.901081433559382305e-01 9.817631600617209298e-01
1.632726388000000000e+09 9.751523437500000000e+02 -1.792107086181640625e+02 0.000000000000000000e+00 0.000000000000000000e+00 0.000000000000000000e+00 -1.900279125412601133e-01 9.817786869912071834e-01
1.632726389000000000e+09 9.778677978515625000e+02 -1.804498748779296875e+02 0.000000000000000000e+00 0.000000000000000000e+00 0.000000000000000000e+00 -1.899150940750939098e-01 9.818005123087746311e-01
1.632726390000000000e+09 9.805861816406250000e+02 -1.816953277587890625e+02 0.000000000000000000e+00 0.000000000000000000e+00 0.000000000000000000e+00 -1.897583093060312975e-01 9.818308362492507158e-01
1.632726391000000000e+09 9.833037719726562500e+02 -1.829405059814453125e+02 0.000000000000000000e+00 0.000000000000000000e+00 0.000000000000000000e+00 -1.896062083336201576e-01 9.818602183132003614e-01
1.632726392000000000e+09 9.860264892578125000e+02 -1.841885833740234375e+02 0.000000000000000000e+00 0.000000000000000000e+00 0.000000000000000000e+00 -1.894395097332804978e-01 9.818923918788186045e-01
1.632726393000000000e+09 9.887574462890625000e+02 -1.854346008300781250e+02 0.000000000000000000e+00 0.000000000000000000e+00 0.000000000000000000e+00 -1.893573875489598379e-01 9.819082354548617220e-01
1.632726394000000000e+09 9.914836425781250000e+02 -1.866868896484375000e+02 0.000000000000000000e+00 0.000000000000000000e+00 0.000000000000000000e+00 -1.891900203035657424e-01 9.819404984984968499e-01
1.632726395000000000e+09 9.942032470703125000e+02 -1.879342803955078125e+02 0.000000000000000000e+00 0.000000000000000000e+00 0.000000000000000000e+00 -1.890672530817260888e-01 9.819641412036167472e-01
1.632726396000000000e+09 9.969393310546875000e+02 -1.891857910156250000e+02 0.000000000000000000e+00 0.000000000000000000e+00 0.000000000000000000e+00 -1.889636413699427586e-01 9.819840807576128983e-01
1.632726397000000000e+09 9.996706542968750000e+02 -1.904387969970703125e+02 0.000000000000000000e+00 0.000000000000000000e+00 0.000000000000000000e+00 -1.888228788385131196e-01 9.820111669460973580e-01
1.632726398000000000e+09 1.002393615722656250e+03 -1.916906127929687500e+02 0.000000000000000000e+00 0.000000000000000000e+00 0.000000000000000000e+00 -1.886435775770047563e-01 9.820456267816574103e-01
1.632726399000000000e+09 1.005116149902343750e+03 -1.929413452148437500e+02 0.000000000000000000e+00 0.000000000000000000e+00 0.000000000000000000e+00 -1.884893613597276307e-01 9.820752300164976578e-01
1.632726400000000000e+09 1.007840515136718750e+03 -1.941964721679687500e+02 0.000000000000000000e+00 0.000000000000000000e+00 0.000000000000000000e+00 -1.883530997487485870e-01 9.821013729821533866e-01
1.632726401000000000e+09 1.010562805175781250e+03 -1.954484863281250000e+02 0.000000000000000000e+00 0.000000000000000000e+00 0.000000000000000000e+00 -1.882286457753914732e-01 9.821252394000200558e-01
1.632726402000000000e+09 1.013281494140625000e+03 -1.966978149414062500e+02 0.000000000000000000e+00 0.000000000000000000e+00 0.000000000000000000e+00 -1.881640215912327441e-01 9.821376199706510768e-01
1.632726403000000000e+09 1.015997680664062500e+03 -1.979538269042968750e+02 0.000000000000000000e+00 0.000000000000000000e+00 0.000000000000000000e+00 -1.880131877078222991e-01 9.821665073618837116e-01
1.632726404000000000e+09 1.018635742187500000e+03 -1.991663513183593750e+02 0.000000000000000000e+00 0.000000000000000000e+00 0.000000000000000000e+00 -1.879369666947299788e-01 9.821810872824092709e-01
1.632726406000000000e+09 1.023980407714843750e+03 -2.016270294189453125e+02 0.000000000000000000e+00 0.000000000000000000e+00 0.000000000000000000e+00 -1.877628341337697904e-01 9.822143881622263928e-01
1.632726406000000000e+09 1.023980407714843750e+03 -2.016270294189453125e+02 0.000000000000000000e+00 0.000000000000000000e+00 0.000000000000000000e+00 -1.877628341337697904e-01 9.822143881622263928e-01
