1.632726233000000000e+09 5.361295776367187500e+02 -3.609626388549804688e+01 0.000000000000000000e+00 0.000000000000000000e+00 0.000000000000000000e+00 -6.104853825984994653e-02 9.981347957935374771e-01
1.632726234000000000e+09 5.355876464843750000e+02 -3.941824340820312500e+01 0.000000000000000000e+00 0.000000000000000000e+00 0.000000000000000000e+00 -7.777476657973204921e-02 9.969709535536199763e-01
1.632726235000000000e+09 5.388581542968750000e+02 -3.912641525268554688e+01 0.000000000000000000e+00 0.000000000000000000e+00 0.000000000000000000e+00 -8.042762634513830888e-02 9.967604556390420312e-01
1.632726236000000000e+09 5.418793945312500000e+02 -3.946488952636718750e+01 0.000000000000000000e+00 0.000000000000000000e+00 0.000000000000000000e+00 -8.238338713377166278e-02 9.966007064572240948e-01
1.632726237000000000e+09 5.448790283203125000e+02 -4.004325866699218750e+01 0.000000000000000000e+00 0.000000000000000000e+00 0.000000000000000000e+00 -8.351884351716679089e-02 9.965062054164780525e-01
1.632726238000000000e+09 5.478393554687500000e+02 -4.065496063232421875e+01 0.000000000000000000e+00 0.000000000000000000e+00 0.000000000000000000e+00 -8.459222923347098355e-02 9.964156584335126521e-01
1.632726239000000000e+09 5.508772583007812500e+02 -4.140377044677734375e+01 0.000000000000000000e+00 0.000000000000000000e+00 0.000000000000000000e+00 -8.501810097261940091e-02 9.963794074257168454e-01
1.632726240000000000e+09 5.538630371093750000e+02 -4.198455429077148438e+01 0.000000000000000000e+00 0.000000000000000000e+00 0.000000000000000000e+00 -8.634025911763038019e-02 9.962657106852726985e-01
1.632726242000000000e+09 5.597807617187500000e+02 -4.332522201538085938e+01 0.000000000000000000e+00 0.000000000000000000e+00 0.000000000000000000e+00 -8.831151273900501864e-02 9.960929122622089738e-01
1.632726242000000000e+09 5.597807617187500000e+02 -4.332522201538085938e+01 0.000000000000000000e+00 0.000000000000000000e+00 0.000000000000000000e+00 -8.831151273900501864e-02 9.960929122622089738e-01
1.632726243000000000e+09 5.627669677734375000e+02 -4.401895904541015625e+01 0.000000000000000000e+00 0.000000000000000000e+00 0.000000000000000000e+00 -8.922263853770651121e-02 9.960117081907663428e-01
1.632726244000000000e+09 5.658038940429687500e+02 -4.466732788085937500e+01 0.000000000000000000e+00 0.000000000000000000e+00 0.000000000000000000e+00 -9.047531828437642420e-02 9.958987026360131001e-01
1.632726245000000000e+09 5.681824951171875000e+02 -4.510391998291015625e+01 0.000000000000000000e+00 0.000000000000000000e+00 0.000000000000000000e+00 -9.163274189509264256e-02 9.957928670591319475e-01
1.632726246000000000e+09 5.711928100585937500e+02 -4.578258895874023438e+01 0.000000000000000000e+00 0.000000000000000000e+00 0.000000000000000000e+00 -9.269283425309549074e-02 9.956947574735302009e-01
1.632726247000000000e+09 5.742072143554687500e+02 -4.645413970947265625e+01 0.000000000000000000e+00 0.000000000000000000e+00 0.000000000000000000e+00 -9.393919122539276523e-02 9.955779292108246636e-01
1.632726248000000000e+09 5.771022338867187500e+02 -4.720679855346679688e+01 0.000000000000000000e+00 0.000000000000000000e+00 0.000000000000000000e+00 -9.446761241263240683e-02 9.955279370137931627e-01
1.632726249000000000e+09 5.800964965820312500e+02 -4.787749862670898438e+01 0.000000000000000000e+00 0.000000000000000000e+00 0.000000000000000000e+00 -9.577802211502690899e-02 9.954027209869209525e-01
1.632726250000000000e+09 5.831215820312500000e+02 -4.858480453491210938e+01 0.000000000000000000e+00 0.000000000000000000e+00 0.000000000000000000e+00 -9.696650200026062094e-02 9.952876400799779422e-01
1.632726251000000000e+09 5.861152343750000000e+02 -4.927144622802734375e+01 0.000000000000000000e+00 0.000000000000000000e+00 0.000000000000000000e+00 -9.838821268272159026e-02 9.951481089032128136e-01
1.632726252000000000e+09 5.891106567382812500e+02 -4.995926666259765625e+01 0.000000000000000000e+00 0.000000000000000000e+00 0.000000000000000000e+00 -9.984641050350306912e-02 9.950028672967744514e-01
1.632726253000000000e+09 5.920813598632812500e+02 -5.064198684692382812e+01 0.000000000000000000e+00 0.000000000000000000e+00 0.000000000000000000e+00 -1.013340945209421640e-01 9.948524519772079522e-01
1.632726254000000000e+09 5.951441650390625000e+02 -5.133103179931640625e+01 0.000000000000000000e+00 0.000000000000000000e+00 0.000000000000000000e+00 -1.032423401876387120e-01 9.946562323657890392e-01
1.632726255000000000e+09 5.981129760742187500e+02 -5.200430679321289062e+01 0.000000000000000000e+00 0.000000000000000000e+00 0.000000000000000000e+00 -1.049688663459351912e-01 9.944755125046901290e-01
1.632726256000000000e+09 5.973102416992187500e+02 -5.155320739746093750e+01 0.000000000000000000e+00 0.000000000000000000e+00 0.000000000000000000e+00 -1.049706774876958959e-01 9.944753177134538769e-01
1.632726257000000000e+09 6.008569946289062500e+02 -5.259679031372070312e+01 0.000000000000000000e+00 0.000000000000000000e+00 0.000000000000000000e+00 -1.057046819588236125e-01 9.943975629950051465e-01
1.632726258000000000e+09 6.044452514648437500e+02 -5.349419021606445312e+01 0.000000000000000000e+00 0.000000000000000000e+00 0.000000000000000000e+00 -1.079790020096436792e-01 9.941531707032016385e-01
1.632726259000000000e+09 6.078649291992187500e+02 -5.438011932373046875e+01 0.000000000000000000e+00 0.000000000000000000e+00 0.000000000000000000e+00 -1.099725555764995560e-01 9.939346249935852029e-01
1.632726260000000000e+09 6.107953491210937500e+02 -5.509600830078125000e+01 0.000000000000000000e+00 0.000000000000000000e+00 0.000000000000000000e+00 -1.118978988427303395e-01 9.937197050839002843e-01
1.632726261000000000e+09 6.137914428710937500e+02 -5.581511688232421875e+01 0.000000000000000000e+00 0.000000000000000000e+00 0.000000000000000000e+00 -1.140983687624972376e-01 9.934694613930881157e-01
1.632726262000000000e+09 6.168430175781250000e+02 -5.657479858398437500e+01 0.000000000000000000e+00 0.000000000000000000e+00 0.000000000000000000e+00 -1.162364050076963723e-01 9.932215701157601773e-01
1.632726263000000000e+09 6.197056884765625000e+02 -5.728621673583984375e+01 0.000000000000000000e+00 0.000000000000000000e+00 0.000000000000000000e+00 -1.184391637581409390e-01 9.929613114625369663e-01
1.632726264000000000e+09 6.227177734375000000e+02 -5.804212951660156250e+01 0.000000000000000000e+00 0.000000000000000000e+00 0.000000000000000000e+00 -1.206035223737202816e-01 9.927007594158225867e-01
1.632726265000000000e+09 6.250416259765625000e+02 -5.863236236572265625e+01 0.000000000000000000e+00 0.000000000000000000e+00 0.000000000000000000e+00 -1.224885538929980644e-01 9.924699276228563516e-01
1.632726266000000000e+09 6.280606079101562500e+02 -5.946335220336914062e+01 0.000000000000000000e+00 0.000000000000000000e+00 0.000000000000000000e+00 -1.245080635117365997e-01 9.922186028118576973e-01
1.632726267000000000e+09 6.310621337890625000e+02 -6.025165557861328125e+01 0.000000000000000000e+00 0.000000000000000000e+00 0.000000000000000000e+00 -1.268329162678485389e-01 9.919241007410090072e-01
1.632726268000000000e+09 6.339924316406250000e+02 -6.109606933593750000e+01 0.000000000000000000e+00 0.000000000000000000e+00 0.000000000000000000e+00 -1.287489149538470212e-01 9.916772206062740569e-01
1.632726269000000000e+09 6.370456542968750000e+02 -6.195278930664062500e+01 0.000000000000000000e+00 0.000000000000000000e+00 0.000000000000000000e+00 -1.309661862470003491e-01 9.913868414479837243e-01
1.632726270000000000e+09 6.399060058593750000e+02 -6.275076293945312500e+01 0.000000000000000000e+00 0.000000000000000000e+00 0.000000000000000000e+00 -1.331524317271971236e-01 9.910955653203306071e-01
1.632726271000000000e+09 6.396772460937500000e+02 -6.233587646484375000e+01 0.000000000000000000e+00 0.000000000000000000e+00 0.000000000000000000e+00 -1.345837704528534684e-01 9.909022259215914952e-01
1.632726272000000000e+09 6.430965576171875000e+02 -6.370425796508789062e+01 0.000000000000000000e+00 0.000000000000000000e+00 0.000000000000000000e+00 -1.348645229709676263e-01 9.908640437718094773e-01
1.632726273000000000e+09 6.464955444335937500e+02 -6.478682708740234375e+01 0.000000000000000000e+00 0.000000000000000000e+00 0.000000000000000000e+00 -1.370525686854172920e-01 9.905637686063802905e-01
1.632726274000000000e+09 6.499471435546875000e+02 -6.594041442871093750e+01 0.000000000000000000e+00 0.000000000000000000e+00 0.000000000000000000e+00 -1.390353032472705641e-01 9.902874181862845182e-01
1.632726275000000000e+09 6.534838256835937500e+02 -6.697916412353515625e+01 0.000000000000000000e+00 0.000000000000000000e+00 0.000000000000000000e+00 -1.420620884015147967e-01 9.898577543862215888e-01
1.632726276000000000e+09 6.570202026367187500e+02 -6.799314117431640625e+01 0.000000000000000000e+00 0.000000000000000000e+00 0.000000000000000000e+00 -1.452751126972599838e-01 9.893913065999757617e-01
1.632726277000000000e+09 6.604908447265625000e+02 -6.890391540527343750e+01 0.000000000000000000e+00 0.000000000000000000e+00 0.000000000000000000e+00 -1.487369539024427645e-01 9.888767966026406064e-01
1.632726278000000000e+09 6.640000610351562500e+02 -7.000255584716796875e+01 0.000000000000000000e+00 0.000000000000000000e+00 0.000000000000000000e+00 -1.515809888999456456e-01 9.884448462619406239e-01
1.632726279000000000e+09 6.669981079101562500e+02 -7.098415374755859375e+01 0.000000000000000000e+00 0.000000000000000000e+00 0.000000000000000000e+00 -1.536001316405495587e-01 9.881330838919325510e-01
1.632726280000000000e+09 6.699242553710937500e+02 -7.192755126953125000e+01 0.000000000000000000e+00 0.000000000000000000e+00 0.000000000000000000e+00 -1.559240420137315564e-01 9.877690431617259792e-01
1.632726281000000000e+09 6.729533081054687500e+02 -7.288500976562500000e+01 0.000000000000000000e+00 0.000000000000000000e+00 0.000000000000000000e+00 -1.584767092005025801e-01 9.873627174899066716e-01
1.632726282000000000e+09 6.751902465820312500e+02 -7.375047302246093750e+01 0.000000000000000000e+00 0.000000000000000000e+00 0.000000000000000000e+00 -1.592755853261659527e-01 9.872341564729995023e-01
1.632726283000000000e+09 6.779108276367187500e+02 -7.470164489746093750e+01 0.000000000000000000e+00 0.000000000000000000e+00 0.000000000000000000e+00 -1.610612127710865371e-01 9.869444177527769702e-01
1.632726284000000000e+09 6.809019165039062500e+02 -7.573834991455078125e+01 0.000000000000000000e+00 0.000000000000000000e+00 0.000000000000000000e+00 -1.631799524774633081e-01 9.865963259611344460e-01
1.632726285000000000e+09 6.833251342773437500e+02 -7.656629943847656250e+01 0.000000000000000000e+00 0.000000000000000000e+00 0.000000000000000000e+00 -1.649966636461968339e-01 9.862941169541268316e-01
1.632726286000000000e+09 6.862995605468750000e+02 -7.763340759277343750e+01 0.000000000000000000e+00 0.000000000000000000e+00 0.000000000000000000e+00 -1.670604249107628392e-01 9.859466570445575284e-01
1.632726287000000000e+09 6.893632812500000000e+02 -7.873512268066406250e+01 0.000000000000000000e+00 0.000000000000000000e+00 0.000000000000000000e+00 -1.692736875610908465e-01 9.855690783140157452e-01
1.632726288000000000e+09 6.922698974609375000e+02 -7.980139923095703125e+01 0.000000000000000000e+00 0.000000000000000000e+00 0.000000000000000000e+00 -1.713342541427417542e-01 9.852129533438485076e-01
1.632726289000000000e+09 6.951640625000000000e+02 -8.083135986328125000e+01 0.000000000000000000e+00 0.000000000000000000e+00 0.000000000000000000e+00 -1.736107182602295851e-01 9.848143641551118099e-01
1.632726290000000000e+09 6.979846801757812500e+02 -8.188419342041015625e+01 0.000000000000000000e+00 0.000000000000000000e+00 0.000000000000000000e+00 -1.755842391822020898e-01 9.844644142595221359e-01
1.632726291000000000e+09 7.008919067382812500e+02 -8.295112609863281250e+01 0.000000000000000000e+00 0.000000000000000000e+00 0.000000000000000000e+00 -1.778870677878234552e-01 9.840509093090504811e-01
1.632726292000000000e+09 7.038519287109375000e+02 -8.400684356689453125e+01 0.000000000000000000e+00 0.000000000000000000e+00 0.000000000000000000e+00 -1.804508446144136025e-01 9.835840105054808324e-01
1.632726293000000000e+09 7.067000122070312500e+02 -8.513000488281250000e+01 0.000000000000000000e+00 0.000000000000000000e+00 0.000000000000000000e+00 -1.824074466013812790e-01 9.832230291219810070e-01
1.632726294000000000e+09 7.095510864257812500e+02 -8.620155334472656250e+01 0.000000000000000000e+00 0.000000000000000000e+00 0.000000000000000000e+00 -1.847920987816834837e-01 9.827776315929298567e-01
1.632726295000000000e+09 7.124486083984375000e+02 -8.733733367919921875e+01 0.000000000000000000e+00 0.000000000000000000e+00 0.000000000000000000e+00 -1.871035842929187343e-01 9.823401930962908368e-01
1.632726296000000000e+09 7.153321533203125000e+02 -8.850706481933593750e+01 0.000000000000000000e+00 0.000000000000000000e+00 0.000000000000000000e+00 -1.891738027535048161e-01 9.819436245884426429e-01
1.632726297000000000e+09 7.183245239257812500e+02 -8.971834564208984375e+01 0.000000000000000000e+00 0.000000000000000000e+00 0.000000000000000000e+00 -1.913553454887925998e-01 9.815208292134095514e-01
1.632726298000000000e+09 7.211971435546875000e+02 -9.090421295166015625e+01 0.000000000000000000e+00 0.000000000000000000e+00 0.000000000000000000e+00 -1.934160950402086521e-01 9.811168215815749827e-01
1.632726299000000000e+09 7.239947509765625000e+02 -9.209622192382812500e+01 0.000000000000000000e+00 0.000000000000000000e+00 0.000000000000000000e+00 -1.950312205077628647e-01 9.807970325706670822e-01
1.632726300000000000e+09 7.268516845703125000e+02 -9.328592681884765625e+01 0.000000000000000000e+00 0.000000000000000000e+00 0.000000000000000000e+00 -1.967838426466540225e-01 9.804468950366301838e-01
1.632726301000000000e+09 7.297101440429687500e+02 -9.447966003417968750e+01 0.000000000000000000e+00 0.000000000000000000e+00 0.000000000000000000e+00 -1.985927300067278634e-01 9.800820975073002428e-01
1.632726302000000000e+09 7.325734863281250000e+02 -9.567593383789062500e+01 0.000000000000000000e+00 0.000000000000000000e+00 0.000000000000000000e+00 -2.003799202369754007e-01 9.797182744499479679e-01
1.632726303000000000e+09 7.327666015625000000e+02 -9.599521636962890625e+01 0.000000000000000000e+00 0.000000000000000000e+00 0.000000000000000000e+00 -1.991142889280091699e-01 9.799762720038127650e-01
1.632726304000000000e+09 7.360401000976562500e+02 -9.768817901611328125e+01 0.000000000000000000e+00 0.000000000000000000e+00 0.000000000000000000e+00 -1.993466772643996410e-01 9.799290269579895574e-01
1.632726305000000000e+09 7.394439086914062500e+02 -9.901428985595703125e+01 0.000000000000000000e+00 0.000000000000000000e+00 0.000000000000000000e+00 -2.021507976425749586e-01 9.793544075267095472e-01
1.632726306000000000e+09 7.428515625000000000e+02 -1.003492431640625000e+02 0.000000000000000000e+00 0.000000000000000000e+00 0.000000000000000000e+00 -2.048844540927305946e-01 9.787861646107004487e-01
1.632726307000000000e+09 7.462631835937500000e+02 -1.017304458618164062e+02 0.000000000000000000e+00 0.000000000000000000e+00 0.000000000000000000e+00 -2.074276372472775576e-01 9.782503571786284047e-01
1.632726308000000000e+09 7.491309204101562500e+02 -1.030529403686523438e+02 0.000000000000000000e+00 0.000000000000000000e+00 0.000000000000000000e+00 -2.086084484392423666e-01 9.779992482820207833e-01
1.632726309000000000e+09 7.519600830078125000e+02 -1.043406372070312500e+02 0.000000000000000000e+00 0.000000000000000000e+00 0.000000000000000000e+00 -2.100875124592777032e-01 9.776825851885577734e-01
1.632726310000000000e+09 7.546760864257812500e+02 -1.056232528686523438e+02 0.000000000000000000e+00 0.000000000000000000e+00 0.000000000000000000e+00 -2.112249630939938561e-01 9.774374742340234956e-01
1.632726311000000000e+09 7.575699462890625000e+02 -1.069210662841796875e+02 0.000000000000000000e+00 0.000000000000000000e+00 0.000000000000000000e+00 -2.128256878733019442e-01 9.770901894616920158e-01
1.632726312000000000e+09 7.603351440429687500e+02 -1.082063522338867188e+02 0.000000000000000000e+00 0.000000000000000000e+00 0.000000000000000000e+00 -2.142291054320125954e-01 9.767834375319568441e-01
1.632726313000000000e+09 7.631238403320312500e+02 -1.095072326660156250e+02 0.000000000000000000e+00 0.000000000000000000e+00 0.000000000000000000e+00 -2.156592031568833057e-01 9.764686997188045670e-01
1.632726314000000000e+09 7.656883544921875000e+02 -1.107762527465820312e+02 0.000000000000000000e+00 0.000000000000000000e+00 0.000000000000000000e+00 -2.162061467863986286e-01 9.763477394470106985e-01
1.632726315000000000e+09 7.685353393554687500e+02 -1.121722412109375000e+02 0.000000000000000000e+00 0.000000000000000000e+00 0.000000000000000000e+00 -2.173719405905069624e-01 9.760888438729695693e-01
1.632726315000000000e+09 7.685353393554687500e+02 -1.121722412109375000e+02 0.000000000000000000e+00 0.000000000000000000e+00 0.000000000000000000e+00 -2.173719405905069624e-01 9.760888438729695693e-01
1.632726317000000000e+09 7.717029418945312500e+02 -1.140755691528320312e+02 0.000000000000000000e+00 0.000000000000000000e+00 0.000000000000000000e+00 -2.168905906150574714e-01 9.761959150818536601e-01
1.632726318000000000e+09 7.750473632812500000e+02 -1.156124267578125000e+02 0.000000000000000000e+00 0.000000000000000000e+00 0.000000000000000000e+00 -2.188774072846241259e-01 9.757523647702898151e-01
1.632726319000000000e+09 7.783811035156250000e+02 -1.171827392578125000e+02 0.000000000000000000e+00 0.000000000000000000e+00 0.000000000000000000e+00 -2.206442447333263612e-01 9.753543552167880382e-01
1.632726320000000000e+09 7.813352661132812500e+02 -1.186105270385742188e+02 0.000000000000000000e+00 0.000000000000000000e+00 0.000000000000000000e+00 -2.220262901252370580e-01 9.750406843646995947e-01
1.632726321000000000e+09 7.841219482421875000e+02 -1.199943695068359375e+02 0.000000000000000000e+00 0.000000000000000000e+00 0.000000000000000000e+00 -2.230092632217740012e-01 9.748163251998054335e-01
1.632726322000000000e+09 7.868472900390625000e+02 -1.214082794189453125e+02 0.000000000000000000e+00 0.000000000000000000e+00 0.000000000000000000e+00 -2.235976341777107246e-01 9.746815381444139392e-01
1.632726323000000000e+09 7.895504760742187500e+02 -1.227876739501953125e+02 0.000000000000000000e+00 0.000000000000000000e+00 0.000000000000000000e+00 -2.241284412573754381e-01 9.745596068371182863e-01
1.632726324000000000e+09 7.922348022460937500e+02 -1.241610107421875000e+02 0.000000000000000000e+00 0.000000000000000000e+00 0.000000000000000000e+00 -2.246427924530511044e-01 9.744411774404989623e-01
1.632726325000000000e+09 7.927466430664062500e+02 -1.246840744018554688e+02 0.000000000000000000e+00 0.000000000000000000e+00 0.000000000000000000e+00 -2.231727551992346847e-01 9.747789040550928208e-01
1.632726326000000000e+09 7.960184936523437500e+02 -1.263496551513671875e+02 0.000000000000000000e+00 0.000000000000000000e+00 0.000000000000000000e+00 -2.237798726913590996e-01 9.746397086336611171e-01
1.632726327000000000e+09 7.993068847656250000e+02 -1.279893722534179688e+02 0.000000000000000000e+00 0.000000000000000000e+00 0.000000000000000000e+00 -2.245768673459518083e-01 9.744563775767899338e-01
1.632726328000000000e+09 8.025263671875000000e+02 -1.297449188232421875e+02 0.000000000000000000e+00 0.000000000000000000e+00 0.000000000000000000e+00 -2.246408516528814459e-01 9.744416362005975385e-01
1.632726329000000000e+09 8.055078125000000000e+02 -1.311875762939453125e+02 0.000000000000000000e+00 0.000000000000000000e+00 0.000000000000000000e+00 -2.254258323962558264e-01 9.742603326777661277e-01
1.632726329000000000e+09 8.055078125000000000e+02 -1.311875762939453125e+02 0.000000000000000000e+00 0.000000000000000000e+00 0.000000000000000000e+00 -2.254258323962558264e-01 9.742603326777661277e-01
1.632726331000000000e+09 8.086589355468750000e+02 -1.330446624755859375e+02 0.000000000000000000e+00 0.000000000000000000e+00 0.000000000000000000e+00 -2.243155612740279081e-01 9.745165641183310967e-01
1.632726332000000000e+09 8.119171752929687500e+02 -1.347202148437500000e+02 0.000000000000000000e+00 0.000000000000000000e+00 0.000000000000000000e+00 -2.246605585291844565e-01 9.744370791740357696e-01
1.632726333000000000e+09 8.150783081054687500e+02 -1.364007568359375000e+02 0.000000000000000000e+00 0.000000000000000000e+00 0.000000000000000000e+00 -2.247460116898111482e-01 9.744173827872687488e-01
1.632726333000000000e+09 8.150783081054687500e+02 -1.364007568359375000e+02 0.000000000000000000e+00 0.000000000000000000e+00 0.000000000000000000e+00 -2.247460116898111482e-01 9.744173827872687488e-01
1.632726335000000000e+09 8.181271362304687500e+02 -1.381136627197265625e+02 0.000000000000000000e+00 0.000000000000000000e+00 0.000000000000000000e+00 -2.247245489635217031e-01 9.744223222135882656e-01
1.632726336000000000e+09 8.213106079101562500e+02 -1.399343261718750000e+02 0.000000000000000000e+00 0.000000000000000000e+00 0.000000000000000000e+00 -2.239729815986507000e-01 9.745953545488820202e-01
1.632726337000000000e+09 8.244006958007812500e+02 -1.415264282226562500e+02 0.000000000000000000e+00 0.000000000000000000e+00 0.000000000000000000e+00 -2.241678466041189255e-01 9.745505550271187367e-01
1.632726338000000000e+09 8.276567993164062500e+02 -1.431373138427734375e+02 0.000000000000000000e+00 0.000000000000000000e+00 0.000000000000000000e+00 -2.248916761762671801e-01 9.743837695556010203e-01
1.632726339000000000e+09 8.307362670898437500e+02 -1.447563781738281250e+02 0.000000000000000000e+00 0.000000000000000000e+00 0.000000000000000000e+00 -2.246379933826317954e-01 9.744422937563620435e-01
1.632726340000000000e+09 8.338265991210937500e+02 -1.463657989501953125e+02 0.000000000000000000e+00 0.000000000000000000e+00 0.000000000000000000e+00 -2.249770318804806546e-01 9.743640720912010167e-01
1.632726341000000000e+09 8.368764648437500000e+02 -1.480094451904296875e+02 0.000000000000000000e+00 0.000000000000000000e+00 0.000000000000000000e+00 -2.255370352881081453e-01 9.742345911128453828e-01
1.632726342000000000e+09 8.394136962890625000e+02 -1.494127807617187500e+02 0.000000000000000000e+00 0.000000000000000000e+00 0.000000000000000000e+00 -2.250729771682465352e-01 9.743419119677688700e-01
1.632726344000000000e+09 8.372349243164062500e+02 -1.482873229980468750e+02 0.000000000000000000e+00 0.000000000000000000e+00 0.000000000000000000e+00 -2.280274523196571812e-01 9.736546979795632772e-01
1.632726345000000000e+09 8.398994140625000000e+02 -1.503298797607421875e+02 0.000000000000000000e+00 0.000000000000000000e+00 0.000000000000000000e+00 -2.229205814788988993e-01 9.748366096725447072e-01
1.632726346000000000e+09 8.428713989257812500e+02 -1.521102294921875000e+02 0.000000000000000000e+00 0.000000000000000000e+00 0.000000000000000000e+00 -2.216633549698771022e-01 9.751232527810228534e-01
1.632726347000000000e+09 8.458032836914062500e+02 -1.537859802246093750e+02 0.000000000000000000e+00 0.000000000000000000e+00 0.000000000000000000e+00 -2.203872390775818979e-01 9.754124545403328739e-01
1.632726348000000000e+09 8.486322631835937500e+02 -1.553479309082031250e+02 0.000000000000000000e+00 0.000000000000000000e+00 0.000000000000000000e+00 -2.196682098261944494e-01 9.755746346278110215e-01
1.632726348000000000e+09 8.486322631835937500e+02 -1.553479309082031250e+02 0.000000000000000000e+00 0.000000000000000000e+00 0.000000000000000000e+00 -2.196682098261944494e-01 9.755746346278110215e-01
1.632726350000000000e+09 8.500155029296875000e+02 -1.556264038085937500e+02 0.000000000000000000e+00 0.000000000000000000e+00 0.000000000000000000e+00 -2.260923942588295155e-01 9.741058577873341617e-01
1.632726351000000000e+09 8.529105834960937500e+02 -1.572523803710937500e+02 0.000000000000000000e+00 0.000000000000000000e+00 0.000000000000000000e+00 -2.260154336745038850e-01 9.741237248358890488e-01
1.632726351000000000e+09 8.529105834960937500e+02 -1.572523803710937500e+02 0.000000000000000000e+00 0.000000000000000000e+00 0.000000000000000000e+00 -2.260154336745038850e-01 9.741237248358890488e-01
1.632726353000000000e+09 8.528114624023437500e+02 -1.572734375000000000e+02 0.000000000000000000e+00 0.000000000000000000e+00 0.000000000000000000e+00 -2.254916047218395170e-01 9.742451141877056520e-01
1.632726354000000000e+09 8.526262817382812500e+02 -1.574220886230468750e+02 0.000000000000000000e+00 0.000000000000000000e+00 0.000000000000000000e+00 -2.232994941637795328e-01 9.747498894500865596e-01
1.632726354000000000e+09 8.526262817382812500e+02 -1.574220886230468750e+02 0.000000000000000000e+00 0.000000000000000000e+00 0.000000000000000000e+00 -2.232994941637795328e-01 9.747498894500865596e-01
1.632726356000000000e+09 8.525259399414062500e+02 -1.574432220458984375e+02 0.000000000000000000e+00 0.000000000000000000e+00 0.000000000000000000e+00 -2.232258127406716863e-01 9.747667663327838072e-01
1.632726357000000000e+09 8.513539428710937500e+02 -1.568106536865234375e+02 0.000000000000000000e+00 0.000000000000000000e+00 0.000000000000000000e+00 -2.266645225624713267e-01 9.739728848327371402e-01
1.632726358000000000e+09 8.545584716796875000e+02 -1.583461151123046875e+02 0.000000000000000000e+00 0.000000000000000000e+00 0.000000000000000000e+00 -2.265296889965517368e-01 9.740042633133704220e-01
1.632726358000000000e+09 8.545584716796875000e+02 -1.583461151123046875e+02 0.000000000000000000e+00 0.000000000000000000e+00 0.000000000000000000e+00 -2.265296889965517368e-01 9.740042633133704220e-01
1.632726360000000000e+09 8.579877929687500000e+02 -1.596987457275390625e+02 0.000000000000000000e+00 0.000000000000000000e+00 0.000000000000000000e+00 -2.296662862337169875e-01 9.732694416490332845e-01
1.632726361000000000e+09 8.611362915039062500e+02 -1.615739288330078125e+02 0.000000000000000000e+00 0.000000000000000000e+00 0.000000000000000000e+00 -2.288696083310740592e-01 9.734570833443696447e-01
1.632726362000000000e+09 8.641686401367187500e+02 -1.633829956054687500e+02 0.000000000000000000e+00 0.000000000000000000e+00 0.000000000000000000e+00 -2.282322688227909624e-01 9.736067176314002758e-01
1.632726363000000000e+09 8.645772705078125000e+02 -1.637936248779296875e+02 0.000000000000000000e+00 0.000000000000000000e+00 0.000000000000000000e+00 -2.280568581584743737e-01 9.736478109935851055e-01
1.632726364000000000e+09 8.679404296875000000e+02 -1.651796875000000000e+02 0.000000000000000000e+00 0.000000000000000000e+00 0.000000000000000000e+00 -2.301878936067810744e-01 9.731462002982503856e-01
1.632726365000000000e+09 8.645911254882812500e+02 -1.639859924316406250e+02 0.000000000000000000e+00 0.000000000000000000e+00 0.000000000000000000e+00 -2.277718936452070297e-01 9.737145208817048481e-01
1.632726366000000000e+09 8.647046508789062500e+02 -1.639032897949218750e+02 0.000000000000000000e+00 0.000000000000000000e+00 0.000000000000000000e+00 -2.289355412158209924e-01 9.734415767578187273e-01
1.632726367000000000e+09 8.618829956054687500e+02 -1.626050567626953125e+02 0.000000000000000000e+00 0.000000000000000000e+00 0.000000000000000000e+00 -2.285301644020309997e-01 9.735368319755379751e-01
1.632726367000000000e+09 8.618829956054687500e+02 -1.626050567626953125e+02 0.000000000000000000e+00 0.000000000000000000e+00 0.000000000000000000e+00 -2.285301644020309997e-01 9.735368319755379751e-01
1.632726369000000000e+09 8.642174682617187500e+02 -1.640164947509765625e+02 0.000000000000000000e+00 0.000000000000000000e+00 0.000000000000000000e+00 -2.282258410970887108e-01 9.736082175313554021e-01
1.632726369000000000e+09 8.642174682617187500e+02 -1.640164947509765625e+02 0.000000000000000000e+00 0.000000000000000000e+00 0.000000000000000000e+00 -2.282258410970887108e-01 9.736082175313554021e-01
1.632726371000000000e+09 8.627449340820312500e+02 -1.633735504150390625e+02 0.000000000000000000e+00 0.000000000000000000e+00 0.000000000000000000e+00 -2.283126651934682116e-01 9.735878615491297960e-01
1.632726372000000000e+09 8.620480957031250000e+02 -1.631307983398437500e+02 0.000000000000000000e+00 0.000000000000000000e+00 0.000000000000000000e+00 -2.280176861784501963e-01 9.736569936307306605e-01
1.632726372000000000e+09 8.620480957031250000e+02 -1.631307983398437500e+02 0.000000000000000000e+00 0.000000000000000000e+00 0.000000000000000000e+00 -2.280176861784501963e-01 9.736569936307306605e-01
1.632726374000000000e+09 8.617905273437500000e+02 -1.633096313476562500e+02 0.000000000000000000e+00 0.000000000000000000e+00 0.000000000000000000e+00 -2.268530415089934915e-01 9.739290052815946508e-01
1.632726375000000000e+09 8.617734985351562500e+02 -1.633754577636718750e+02 0.000000000000000000e+00 0.000000000000000000e+00 0.000000000000000000e+00 -2.266737875851037309e-01 9.739707429200684663e-01
1.632726376000000000e+09 8.640440673828125000e+02 -1.646993713378906250e+02 0.000000000000000000e+00 0.000000000000000000e+00 0.000000000000000000e+00 -2.262283582864093034e-01 9.740742990062474238e-01
1.632726377000000000e+09 8.635132446289062500e+02 -1.641303558349609375e+02 0.000000000000000000e+00 0.000000000000000000e+00 0.000000000000000000e+00 -2.284170198034408406e-01 9.735633878912608452e-01
1.632726378000000000e+09 8.611182861328125000e+02 -1.633688964843750000e+02 0.000000000000000000e+00 0.000000000000000000e+00 0.000000000000000000e+00 -2.260036657424590034e-01 9.741264476963614749e-01
1.632726379000000000e+09 8.620074462890625000e+02 -1.638397674560546875e+02 0.000000000000000000e+00 0.000000000000000000e+00 0.000000000000000000e+00 -2.264653665544263117e-01 9.740192254898856206e-01
1.632726380000000000e+09 8.637904663085937500e+02 -1.648721008300781250e+02 0.000000000000000000e+00 0.000000000000000000e+00 0.000000000000000000e+00 -2.261985894044610812e-01 9.740812135721700349e-01
1.632726381000000000e+09 8.620426635742187500e+02 -1.640742034912109375e+02 0.000000000000000000e+00 0.000000000000000000e+00 0.000000000000000000e+00 -2.262655661747383640e-01 9.740656557298195128e-01
1.632726382000000000e+09 8.622260131835937500e+02 -1.641924896240234375e+02 0.000000000000000000e+00 0.000000000000000000e+00 0.000000000000000000e+00 -2.265559236263534060e-01 9.739981590465091044e-01
1.632726384000000000e+09 8.596231079101562500e+02 -1.630299682617187500e+02 0.000000000000000000e+00 0.000000000000000000e+00 0.000000000000000000e+00 -2.265969733729555347e-01 9.739886124471983653e-01
1.632726384000000000e+09 8.596231079101562500e+02 -1.630299682617187500e+02 0.000000000000000000e+00 0.000000000000000000e+00 0.000000000000000000e+00 -2.265969733729555347e-01 9.739886124471983653e-01
1.632726386000000000e+09 8.629264526367187500e+02 -1.647874908447265625e+02 0.000000000000000000e+00 0.000000000000000000e+00 0.000000000000000000e+00 -2.274410454042354590e-01 9.737918459870739119e-01
1.632726386000000000e+09 8.629264526367187500e+02 -1.647874908447265625e+02 0.000000000000000000e+00 0.000000000000000000e+00 0.000000000000000000e+00 -2.274410454042354590e-01 9.737918459870739119e-01
1.632726387000000000e+09 8.650419311523437500e+02 -1.660535888671875000e+02 0.000000000000000000e+00 0.000000000000000000e+00 0.000000000000000000e+00 -2.270337774507364959e-01 9.738868833366958189e-01
1.632726388000000000e+09 8.678148193359375000e+02 -1.674667816162109375e+02 0.000000000000000000e+00 0.000000000000000000e+00 0.000000000000000000e+00 -2.274474517666403295e-01 9.737903616721832467e-01
1.632726389000000000e+09 8.705200805664062500e+02 -1.689933624267578125e+02 0.000000000000000000e+00 0.000000000000000000e+00 0.000000000000000000e+00 -2.271735320335761255e-01 9.738542922781504574e-01
1.632726390000000000e+09 8.730402832031250000e+02 -1.704085083007812500e+02 0.000000000000000000e+00 0.000000000000000000e+00 0.000000000000000000e+00 -2.270221908300568692e-01 9.738895915586764929e-01
1.632726391000000000e+09 8.756380615234375000e+02 -1.718721466064453125e+02 0.000000000000000000e+00 0.000000000000000000e+00 0.000000000000000000e+00 -2.267362456804514204e-01 9.739561930886210250e-01
1.632726392000000000e+09 8.783303833007812500e+02 -1.733756866455078125e+02 0.000000000000000000e+00 0.000000000000000000e+00 0.000000000000000000e+00 -2.264382148385324089e-01 9.740255285056651502e-01
1.632726393000000000e+09 8.809694213867187500e+02 -1.747869720458984375e+02 0.000000000000000000e+00 0.000000000000000000e+00 0.000000000000000000e+00 -2.266594597114433840e-01 9.739740628826971669e-01
1.632726394000000000e+09 8.835612182617187500e+02 -1.762689971923828125e+02 0.000000000000000000e+00 0.000000000000000000e+00 0.000000000000000000e+00 -2.263641630811424332e-01 9.740427392026628217e-01
1.632726395000000000e+09 8.860819702148437500e+02 -1.777199401855468750e+02 0.000000000000000000e+00 0.000000000000000000e+00 0.000000000000000000e+00 -2.260735234275887684e-01 9.741102480941894459e-01
1.632726396000000000e+09 8.887842407226562500e+02 -1.792589416503906250e+02 0.000000000000000000e+00 0.000000000000000000e+00 0.000000000000000000e+00 -2.256987081175080012e-01 9.741971476223937332e-01
1.632726397000000000e+09 8.914031982421875000e+02 -1.807467956542968750e+02 0.000000000000000000e+00 0.000000000000000000e+00 0.000000000000000000e+00 -2.253722947273116839e-01 9.742727214237939526e-01
1.632726398000000000e+09 8.940003662109375000e+02 -1.821765594482421875e+02 0.000000000000000000e+00 0.000000000000000000e+00 0.000000000000000000e+00 -2.253088406584237424e-01 9.742873888836369733e-01
1.632726399000000000e+09 8.966326904296875000e+02 -1.836731567382812500e+02 0.000000000000000000e+00 0.000000000000000000e+00 0.000000000000000000e+00 -2.250242710293295090e-01 9.743531526730758729e-01
1.632726400000000000e+09 8.992344970703125000e+02 -1.851393890380859375e+02 0.000000000000000000e+00 0.000000000000000000e+00 0.000000000000000000e+00 -2.249439801820069251e-01 9.743717033766008395e-01
1.632726401000000000e+09 9.017850952148437500e+02 -1.865740203857421875e+02 0.000000000000000000e+00 0.000000000000000000e+00 0.000000000000000000e+00 -2.248720011983481870e-01 9.743883115386451355e-01
1.632726402000000000e+09 9.043603515625000000e+02 -1.880426330566406250e+02 0.000000000000000000e+00 0.000000000000000000e+00 0.000000000000000000e+00 -2.247620659450556280e-01 9.744136820242073060e-01
1.632726403000000000e+09 9.069768066406250000e+02 -1.895088195800781250e+02 0.000000000000000000e+00 0.000000000000000000e+00 0.000000000000000000e+00 -2.246721705500740740e-01 9.744344030579011884e-01
1.632726404000000000e+09 9.090827026367187500e+02 -1.906598510742187500e+02 0.000000000000000000e+00 0.000000000000000000e+00 0.000000000000000000e+00 -2.247684792122342234e-01 9.744121986565548177e-01
1.632726406000000000e+09 9.143468017578125000e+02 -1.936575775146484375e+02 0.000000000000000000e+00 0.000000000000000000e+00 0.000000000000000000e+00 -2.242363505744506547e-01 9.745347906100035873e-01
1.632726406000000000e+09 9.143468017578125000e+02 -1.936575775146484375e+02 0.000000000000000000e+00 0.000000000000000000e+00 0.000000000000000000e+00 -2.242363505744506547e-01 9.745347906100035873e-01
