1.632730823000000000e+09 -9.730019574993093556e+00 -4.117804208484176343e+01 0.000000000000000000e+00 0.000000000000000000e+00 0.000000000000000000e+00 -9.884938868086835528e-01 1.512608202472191521e-01
1.632730824000000000e+09 -9.784418278706198180e+00 -4.141177055960361031e+01 0.000000000000000000e+00 0.000000000000000000e+00 0.000000000000000000e+00 -9.887433278616613030e-01 1.496216281459585018e-01
1.632730825000000000e+09 -9.816612906030968588e+00 -4.171030997849447886e+01 0.000000000000000000e+00 0.000000000000000000e+00 0.000000000000000000e+00 -9.888735208617281947e-01 1.487587299573688571e-01
1.632730826000000000e+09 -9.731526905507962510e+00 -4.181871198039971205e+01 0.000000000000000000e+00 0.000000000000000000e+00 0.000000000000000000e+00 -9.890158633619168249e-01 1.478094111296107682e-01
1.632730827000000000e+09 -9.712841787183606357e+00 -4.172458301671849767e+01 0.000000000000000000e+00 0.000000000000000000e+00 0.000000000000000000e+00 -9.895131878461348451e-01 1.444425528664591563e-01
1.632730828000000000e+09 -9.755996792409405316e+00 -4.198666029418654944e+01 0.000000000000000000e+00 0.000000000000000000e+00 0.000000000000000000e+00 -9.897014148997645977e-01 1.431471597531857320e-01
1.632730829000000000e+09 -9.702453379236885667e+00 -4.199325630329894921e+01 0.000000000000000000e+00 0.000000000000000000e+00 0.000000000000000000e+00 -9.900113579947553699e-01 1.409876272634598138e-01
1.632730830000000000e+09 -9.534785638845733047e+00 -4.199480332517941861e+01 0.000000000000000000e+00 0.000000000000000000e+00 0.000000000000000000e+00 -9.903287001941615264e-01 1.387410017685563879e-01
1.632730830000000000e+09 -9.439029434799522278e+00 -4.213175365810911899e+01 0.000000000000000000e+00 0.000000000000000000e+00 0.000000000000000000e+00 -9.904132674702732508e-01 1.381360185428006093e-01
1.632730832000000000e+09 -9.347724449113229639e+00 -4.225414489372724347e+01 0.000000000000000000e+00 0.000000000000000000e+00 0.000000000000000000e+00 -9.905214537660494978e-01 1.373581072568780259e-01
1.632730833000000000e+09 -9.147433502769672486e+00 -4.235714769587775663e+01 0.000000000000000000e+00 0.000000000000000000e+00 0.000000000000000000e+00 -9.906647516992045377e-01 1.363207604906659931e-01
1.632730834000000000e+09 -9.055888596272779978e+00 -4.247946477645382402e+01 0.000000000000000000e+00 0.000000000000000000e+00 0.000000000000000000e+00 -9.907715122172228162e-01 1.355426522493833608e-01
1.632730835000000000e+09 -8.853063431297414354e+00 -4.258965221095695597e+01 0.000000000000000000e+00 0.000000000000000000e+00 0.000000000000000000e+00 -9.909011673210300630e-01 1.345915175700909405e-01
