1.632730823000000000e+09 -9.807127952575683594e+00 -4.109104919433593750e+01 0.000000000000000000e+00 0.000000000000000000e+00 0.000000000000000000e+00 9.883083445336749984e-01 -1.524683800690424806e-01
1.632730824000000000e+09 -9.730019569396972656e+00 -4.117804336547851562e+01 0.000000000000000000e+00 0.000000000000000000e+00 0.000000000000000000e+00 9.884938851892400846e-01 -1.512608215655827648e-01
1.632730825000000000e+09 -9.784418106079101562e+00 -4.141176986694335938e+01 0.000000000000000000e+00 0.000000000000000000e+00 0.000000000000000000e+00 9.887433234615101707e-01 -1.496216295146199360e-01
1.632730826000000000e+09 -9.816613197326660156e+00 -4.171030807495117188e+01 0.000000000000000000e+00 0.000000000000000000e+00 0.000000000000000000e+00 9.888735266732253670e-01 -1.487587229137124212e-01
1.632730827000000000e+09 -9.731527328491210938e+00 -4.181871032714843750e+01 0.000000000000000000e+00 0.000000000000000000e+00 0.000000000000000000e+00 9.890158565424602699e-01 -1.478094048438205466e-01
1.632730828000000000e+09 -inf -4.186833572387695312e+01 0.000000000000000000e+00 0.000000000000000000e+00 0.000000000000000000e+00 -8.539074342527748218e-01 5.204248845383349087e-01
1.632730829000000000e+09 -inf -inf 0.000000000000000000e+00 nan nan nan nan
1.632730830000000000e+09 nan nan 0.000000000000000000e+00 nan nan nan nan
1.632730830000000000e+09 nan nan 0.000000000000000000e+00 nan nan nan nan
1.632730832000000000e+09 nan nan 0.000000000000000000e+00 nan nan nan nan
1.632730833000000000e+09 nan nan 0.000000000000000000e+00 nan nan nan nan
1.632730834000000000e+09 nan nan 0.000000000000000000e+00 nan nan nan nan
1.632730835000000000e+09 nan nan 0.000000000000000000e+00 nan nan nan nan
